Single-Difference Ambiguity Constraint                      COMMENT
    SD                                                      TYPE OF CONSTRAINT
                                                            END OF HEADER
ZIMM G25 G31 2016  1  1  0  0  0.000000 2016  1  1  0 43  0.000000           -30           89   0.000
ZIMM G25 G29 2016  1  1  0  0  0.000000 2016  1  1  0 43  0.000000           -23           61   0.000
ZIMM G21 G26 2016  1  1  0  9 30.000000 2016  1  1  0 43  0.000000            22          -41   0.000
ZIMM G02 G12 2016  1  1  0  0  0.000000 2016  1  1  1  2  0.000000            -1          -53   0.000
ZIMM G02 G25 2016  1  1  0 43 30.000000 2016  1  1  1 10 30.000000             6         -108   0.000
ZIMM G02 G16 2016  1  1  0 59  0.000000 2016  1  1  1 10 30.000000           -23          -26   0.000
ZIMM G20 G25 2016  1  1  0 53 30.000000 2016  1  1  2 29 30.000000            26          -45   0.000
ZIMM G21 G31 2016  1  1  0 43 30.000000 2016  1  1  3 20  0.000000            -3           32   0.000
ZIMM G29 G31 2016  1  1  0 43 30.000000 2016  1  1  3 20  0.000000            -7           28   0.000
ZIMM G20 G26 2016  1  1  0 53 30.000000 2016  1  1  4 35  0.000000            21          -29   0.000
ZIMM G21 G26 2016  1  1  0 43 30.000000 2016  1  1  5 24  0.000000            22          -41   0.000
ZIMM G10 G16 2016  1  1  3  9 30.000000 2016  1  1  6 34  0.000000           -18           49   0.000
ZIMM G16 G22 2016  1  1  3 45 30.000000 2016  1  1  6 34  0.000000             1           18   0.000
ZIMM G14 G16 2016  1  1  5 38 30.000000 2016  1  1  6 34  0.000000          -208         -187   0.000
ZIMM G10 G18 2016  1  1  3  9 30.000000 2016  1  1  6 46 30.000000             0           34   0.000
ZIMM G08 G10 2016  1  1  3 30 30.000000 2016  1  1  8  6  0.000000             9            2   0.000
ZIMM G03 G27 2016  1  1  6 52 30.000000 2016  1  1  8 22  0.000000            -7          -14   0.000
ZIMM G27 G32 2016  1  1  5 44 30.000000 2016  1  1  8 22  0.000000             6           37   0.000
ZIMM G03 G08 2016  1  1  6 52 30.000000 2016  1  1  9 14 30.000000           -15           -6   0.000
ZIMM G17 G28 2016  1  1  8 11  0.000000 2016  1  1  9 27 30.000000             4            6   0.000
ZIMM G19 G28 2016  1  1  7 50 30.000000 2016  1  1  9 27 30.000000            12          -11   0.000
ZIMM G14 G31 2016  1  1  8 51  0.000000 2016  1  1  9 32 30.000000          -169         -299   0.000
ZIMM G01 G11 2016  1  1  5 52  0.000000 2016  1  1 11 11 30.000000           -23           54   0.000
ZIMM G11 G19 2016  1  1  7 50 30.000000 2016  1  1 11 11 30.000000            -1           24   0.000
ZIMM G01 G32 2016  1  1  5 52  0.000000 2016  1  1 11 55 30.000000             2           40   0.000
ZIMM G02 G17 2016  1  1 11 42  0.000000 2016  1  1 12  2  0.000000            10            8   0.000
ZIMM G03 G30 2016  1  1 12 45  0.000000 2016  1  1 13 26  0.000000             8          -91   0.000
ZIMM G03 G06 2016  1  1 10  1  0.000000 2016  1  1 13 26  0.000000            14          -13   0.000
ZIMM G07 G23 2016  1  1 12  0  0.000000 2016  1  1 14 48  0.000000           -59           38   0.000
ZIMM G23 G30 2016  1  1 12 45  0.000000 2016  1  1 14 48  0.000000            61          -59   0.000
ZIMM G06 G09 2016  1  1 10  1  0.000000 2016  1  1 15  6  0.000000           145           87   0.000
ZIMM G02 G20 2016  1  1 15 11 30.000000 2016  1  1 15 39  0.000000            28          -24   0.000
ZIMM G13 G20 2016  1  1 15 11 30.000000 2016  1  1 17 22  0.000000             8           29   0.000
ZIMM G13 G28 2016  1  1 14 59  0.000000 2016  1  1 17 22  0.000000            21           -3   0.000
ZIMM G07 G15 2016  1  1 15 57  0.000000 2016  1  1 17 29  0.000000           -14           82   0.000
ZIMM G15 G28 2016  1  1 17 39  0.000000 2016  1  1 18  2 30.000000            20          -32   0.000
ZIMM G15 G19 2016  1  1 17 39  0.000000 2016  1  1 18  2 30.000000           -11           28   0.000
ZIMM G05 G30 2016  1  1 13  6 30.000000 2016  1  1 18 28  0.000000            13          -92   0.000
ZIMM G19 G30 2016  1  1 17 39  0.000000 2016  1  1 18 48 30.000000            27         -131   0.000
ZIMM G15 G20 2016  1  1 18  3  0.000000 2016  1  1 19 31  0.000000             7            0   0.000
ZIMM G18 G20 2016  1  1 17 39  0.000000 2016  1  1 19 31  0.000000            20          -15   0.000
ZIMM G19 G28 2016  1  1 18  3  0.000000 2016  1  1 19 54  0.000000            31          -60   0.000
ZIMM G12 G13 2016  1  1 18 25  0.000000 2016  1  1 20 40  0.000000            91           28   0.000
ZIMM G18 G25 2016  1  1 20 13  0.000000 2016  1  1 20 44 30.000000            10          -53   0.000
ZIMM G15 G17 2016  1  1 18  3  0.000000 2016  1  1 21 34 30.000000            -5           14   0.000
ZIMM G12 G17 2016  1  1 18 25  0.000000 2016  1  1 21 37 30.000000            87           71   0.000
ZIMM G06 G17 2016  1  1 20 41  0.000000 2016  1  1 21 37 30.000000            -1           46   0.000
ZIMM G02 G24 2016  1  1 21  5 30.000000 2016  1  1 23 41  0.000000            36          -85   0.000
ZIMM G24 G29 2016  1  1 21 30  0.000000 2016  1  1 23 41  0.000000           -15           61   0.000
ZIMM G14 G25 2016  1  1 20 13  0.000000 2016  1  1 23 59  0.000000            11          -68   0.000
ZIMM G12 G31 2016  1  1 22  6  0.000000 2016  1  1 23 59  0.000000            57           95   0.000
ZIMM G14 G29 2016  1  1 21 30  0.000000 2016  1  1 23 59  0.000000            12           -5   0.000
