ZIMM   2            -49.305576            -32.574983  57388.0000000000  57388.0489583333   0.0531   0.0273  18.9
ZIMM  12            -17.503922            -31.525340  57388.0000000000  57388.0430555556   0.0396   0.0302  17.9
ZIMM  25             -0.533541            -38.569767  57388.0000000000  57388.0298611111   0.0127   0.0162  60.9
ZIMM  26              0.408023            -33.646003  57388.0000000000  57388.2250000000   0.0266   0.0087  47.7
ZIMM  29             10.816355            -15.569483  57388.0000000000  57388.1631944444   0.0267   0.0096  50.2
ZIMM  31              8.949806             -8.574864  57388.0000000000  57388.0298611111   0.0174   0.0156  56.3
ZIMM  21             21.025246            -11.811692  57388.0065972222  57388.0298611111   0.0500   0.0393  18.2
ZIMM  14             20.879329             -6.852706  57388.0072916667  57388.0152777778   0.1067   0.1106  11.9
ZIMM   5              8.374723            -12.656996  57388.0232638889  57388.1145833333   0.0739   0.0269  12.5
ZIMM  21             21.001088            -11.623268  57388.0302083333  57388.2513888889   0.0314   0.0089  48.8
ZIMM  25             -0.509523            -38.458043  57388.0302083333  57388.1038194444   0.0396   0.0167  31.1
ZIMM  31              8.965668             -8.563139  57388.0302083333  57388.1388888889   0.0381   0.0132  37.9
ZIMM  20             25.771753            -12.640290  57388.0371527778  57388.1909722222   0.0408   0.0145  22.1
ZIMM  16             10.935639             -9.659228  57388.0409722222  57388.2736111111   0.0314   0.0090  42.8
ZIMM  27             10.326722            -26.587498  57388.0892361111  57388.1006944444   0.0738   0.0674   9.8
ZIMM  18            -16.339295            -27.494621  57388.0899305556  57388.2822916667   0.0410   0.0109  34.3
ZIMM  27             10.383093            -26.556769  57388.1010416667  57388.3486111111   0.0279   0.0085  49.1
ZIMM  10              2.770113            -27.588996  57388.1315972222  57388.3375000000   0.0379   0.0092  41.0
ZIMM   8             21.751900            -18.748757  57388.1461805556  57388.3850694444   0.0309   0.0085  46.4
ZIMM  22             -1.164882            -10.707312  57388.1565972222  57388.3850694444   0.0309   0.0091  43.1
ZIMM   7             20.285803             -6.640153  57388.1590277778  57388.2274305556   0.0757   0.0406  10.8
ZIMM  15             64.473431              9.132712  57388.2045138889  57388.2274305556   0.1156   0.0774   8.4
ZIMM  11             19.418352             -7.456393  57388.2138888889  57388.4663194444   0.0385   0.0091  46.5
ZIMM  14           -506.776342           -217.497212  57388.2350694444  57388.3975694444   0.0442   0.0144  26.1
ZIMM  32            -22.312161            -32.628921  57388.2392361111  57388.4968750000   0.0276   0.0085  46.9
ZIMM   1              4.138810            -30.530465  57388.2444444444  57388.4979166667   0.0281   0.0084  48.9
ZIMM  28             -9.705704            -18.568121  57388.2687500000  57388.3940972222   0.0558   0.0201  17.4
ZIMM   3            -11.374204            -33.748695  57388.2864583333  57388.5597222222   0.0290   0.0082  46.9
ZIMM  19              7.915080             -6.482274  57388.3267361111  57388.5097222222   0.0317   0.0120  33.1
ZIMM  17              1.605416            -14.582105  57388.3409722222  57388.5013888889   0.0337   0.0129  30.8
ZIMM  23            111.745360             19.515998  57388.3614583333  57388.6166666667   0.0340   0.0098  46.3
ZIMM  31             -3.484286            -48.537190  57388.3687500000  57388.4913194444   0.0653   0.0196  17.1
ZIMM   8             21.660591            -18.966765  57388.3854166667  57388.3927083333   0.0976   0.1142  11.3
ZIMM   9           -368.372026           -192.779916  57388.4131944444  57388.6815972222   0.0331   0.0078  46.9
ZIMM   6            -31.839850            -47.753214  57388.4173611111  57388.6291666667   0.0370   0.0100  37.2
ZIMM   2             25.938097             -4.579511  57388.4875000000  57388.6520833333   0.0376   0.0130  30.6
ZIMM   7             16.062352            -39.631888  57388.5000000000  57388.7284722222   0.0319   0.0096  44.4
ZIMM  17              1.556601            -14.631777  57388.5062500000  57388.5156250000   0.0882   0.1530   9.4
ZIMM  16             33.882638            -15.768962  57388.5277777778  57388.6038194444   0.0753   0.0346  12.6
ZIMM  30             23.904142            -41.612958  57388.5312500000  57388.7836805556   0.0463   0.0101  45.4
ZIMM   5             -2.012165            -28.640293  57388.5461805556  57388.7694444444   0.0339   0.0095  40.7
ZIMM  13             16.048088            -24.531239  57388.5961805556  57388.7236111111   0.0332   0.0123  40.9
ZIMM  28            -23.925536            -45.611211  57388.6243055556  57388.7284722222   0.0347   0.0141  38.8
ZIMM  20            -16.118861            -32.640630  57388.6329861111  57388.8131944444   0.0381   0.0115  31.0
ZIMM  15             -2.255720            -25.629681  57388.6645833333  57388.7284722222   0.0370   0.0204  24.7
ZIMM   8           -219.801957           -114.885832  57388.6888888889  57388.6996527778   0.1100   0.0812   7.5
ZIMM   8           -219.214297           -115.018558  57388.7000000000  57388.7111111111   0.0990   0.0987   7.5
ZIMM  13             16.044815            -24.549273  57388.7288194444  57388.8611111111   0.0310   0.0115  50.5
ZIMM  15             -2.260965            -25.577492  57388.7288194444  57388.7517361111   0.0113   0.0205  50.8
ZIMM  17             -0.187930            -20.610788  57388.7340277778  57388.9010416667   0.0390   0.0129  26.5
ZIMM  18             15.125086            -12.522735  57388.7354166667  57388.8642361111   0.0493   0.0201  19.9
ZIMM  19              3.834214            -14.488108  57388.7354166667  57388.8805555556   0.0420   0.0140  23.4
ZIMM  24             -7.779339            -38.618673  57388.7354166667  57388.9868055556   0.0335   0.0079  49.5
ZIMM  28            -23.955133            -45.564115  57388.7354166667  57388.7517361111   0.0117   0.0194  58.2
ZIMM  15             -2.236133            -25.609439  57388.7520833333  57388.8989583333   0.0250   0.0102  51.3
ZIMM  28            -23.954414            -45.554176  57388.7520833333  57388.8291666667   0.0252   0.0154  35.0
ZIMM  12            212.297460             66.469071  57388.7673611111  57388.9993055556   0.0258   0.0075  50.9
ZIMM  10            -12.727504            -32.662173  57388.7753472222  57388.8822916667   0.0631   0.0270  14.6
ZIMM  22            -24.485918            -17.589391  57388.8190972222  57388.8260416667   0.0739   0.1422   7.9
ZIMM  22            -24.577026            -17.843471  57388.8263888889  57388.8791666667   0.1260   0.0546   9.6
ZIMM  25             25.011416            -22.991607  57388.8336805556  57388.8420138889   0.0997   0.0986  12.5
ZIMM  14              8.681977            -11.545013  57388.8409722222  57388.9993055556   0.0437   0.0131  31.2
ZIMM  25             25.078676            -22.627159  57388.8423611111  57388.9993055556   0.0265   0.0131  54.4
ZIMM   6             23.681036            -21.734442  57388.8618055556  57388.9833333333   0.0609   0.0220  16.8
ZIMM   2             15.867751             -2.597320  57388.8788194444  57388.9993055556   0.0406   0.0153  26.6
ZIMM  29            -12.309236            -23.637973  57388.8958333333  57388.9993055556   0.0415   0.0128  41.4
ZIMM  31             45.835889              9.423795  57388.9208333333  57388.9993055556   0.0394   0.0187  29.6
ZIMM  26              8.900917            -25.937305  57388.9861111111  57388.9993055556   0.0630   0.0413  10.4
