ALGO   3             26.800134              5.850228  57388.0000000000  57388.0788194444   0.0326   0.0192  26.2
ALGO  14             83.714690             13.883635  57388.0000000000  57388.0180555556   0.0587   0.0700  12.2
ALGO  16             63.409535              9.949423  57388.0000000000  57388.2069444444   0.0267   0.0086  51.3
ALGO  23            -34.544727             -0.166802  57388.0000000000  57388.1864583333   0.0234   0.0093  43.8
ALGO  26             64.403430              1.889605  57388.0000000000  57388.1555555556   0.0276   0.0115  48.6
ALGO  29            -18.025510             -3.019647  57388.0000000000  57388.0690972222   0.0456   0.0296  18.5
ALGO  31             33.198781              2.989958  57388.0000000000  57388.0986111111   0.0304   0.0152  31.6
ALGO  32             11.532818             -0.100113  57388.0000000000  57388.0548611111   0.0469   0.0302  22.4
ALGO   9             -4.844744             -6.115488  57388.0281250000  57388.2229166667   0.0320   0.0107  34.2
ALGO  27             -9.670141             -9.131459  57388.0361111111  57388.2572916667   0.0328   0.0103  40.2
ALGO   8             36.693619              6.899861  57388.0690972222  57388.3135416667   0.0337   0.0095  43.8
ALGO   7             -8.344855              2.901649  57388.0743055556  57388.3184027778   0.0312   0.0083  43.8
ALGO  21            -16.030822              2.050400  57388.0920138889  57388.1614583333   0.0746   0.0366  10.1
ALGO  30              5.630135             -1.112327  57388.1302083333  57388.3583333333   0.0289   0.0095  40.3
ALGO  11             17.350456             11.879021  57388.1517361111  57388.3750000000   0.0287   0.0106  39.6
ALGO  28             -1.846028              5.899014  57388.1756944444  57388.4472222222   0.0340   0.0082  46.7
ALGO   1             18.627719              2.953560  57388.1885416667  57388.4020833333   0.0333   0.0102  37.7
ALGO  13            -13.685504              3.888368  57388.2038194444  57388.3069444444   0.0612   0.0286  15.1
ALGO  19            -17.409268             -1.053173  57388.2149305556  57388.4934027778   0.0322   0.0071  45.4
ALGO  17             -1.609071              2.965251  57388.2284722222  57388.5145833333   0.0402   0.0073  45.9
ALGO  32            -11.846472             -1.044680  57388.2822916667  57388.4000000000   0.0396   0.0260  16.2
ALGO   3            -12.715381             -6.069659  57388.2916666667  57388.4562500000   0.0336   0.0144  24.7
ALGO   6             21.428199              2.919788  57388.3156250000  57388.5892361111   0.0282   0.0076  46.3
ALGO  24             19.542157              7.922258  57388.3250000000  57388.4465277778   0.0974   0.0263  16.6
ALGO   2            -16.483393              3.966242  57388.3725694444  57388.6597222222   0.0288   0.0070  46.6
ALGO  12            -12.517898              5.902459  57388.3788194444  57388.5722222222   0.0354   0.0114  32.6
ALGO  23            -27.415116              6.913263  57388.4284722222  57388.5263888889   0.0509   0.0314  13.1
ALGO  25             24.596264              7.917129  57388.4395833333  57388.5635416667   0.0615   0.0209  26.4
ALGO   9             -3.086328             -0.095231  57388.4423611111  57388.5829861111   0.0520   0.0187  19.9
ALGO   5            -16.790550              2.918225  57388.4510416667  57388.7149305556   0.0234   0.0072  46.3
ALGO  29             -7.167459              6.950657  57388.5031250000  57388.7149305556   0.0361   0.0099  36.8
ALGO  20             -3.272560              4.933011  57388.5229166667  57388.8027777778   0.0328   0.0079  46.2
ALGO  13             11.899104              4.822937  57388.5461805556  57388.7284722222   0.0246   0.0096  43.8
ALGO  15             12.699364              1.905229  57388.5798611111  57388.8302083333   0.0272   0.0087  44.8
ALGO  21              0.736100              8.899802  57388.5909722222  57388.8326388889   0.0320   0.0109  41.3
ALGO  26              4.862738             -2.032134  57388.5923611111  57388.6218750000   0.0784   0.0545   7.8
ALGO   7              4.313691              0.084914  57388.5934027778  57388.6420138889   0.0953   0.0482   8.8
ALGO  30             77.257187             14.895044  57388.6045138889  57388.6934027778   0.0578   0.0330  12.5
ALGO  18             -1.937133             -0.094960  57388.6440972222  57388.9010416667   0.0267   0.0100  50.1
ALGO  24             28.052296             -5.129647  57388.6767361111  57388.8871527778   0.0472   0.0101  36.5
ALGO  10             57.847105             11.864093  57388.6868055556  57388.9458333333   0.0318   0.0084  46.0
ALGO  27             34.421031              4.988439  57388.6930555556  57388.7892361111   0.0620   0.0289  14.1
ALGO  22             10.538859              5.904097  57388.7260416667  57388.9753472222   0.0349   0.0088  43.4
ALGO  14             34.370989              2.856705  57388.7302083333  57388.9993055556   0.0370   0.0091  48.1
ALGO  13             11.881301              4.767639  57388.7354166667  57388.7638888889   0.0609   0.0539  15.0
ALGO   8             43.438199              5.036732  57388.7486111111  57388.7909722222   0.0763   0.0446   8.6
ALGO  12             55.093013             15.877689  57388.7899305556  57388.9406250000   0.0380   0.0158  22.7
ALGO  25             63.587614              2.838046  57388.8135416667  57388.9993055556   0.0409   0.0122  30.9
ALGO  11              3.404772             -1.086803  57388.8201388889  57388.8930555556   0.0460   0.0352  10.4
ALGO  31              3.141663             -0.069641  57388.8305555556  57388.9993055556   0.0212   0.0077  56.8
ALGO   1             46.996419              1.963939  57388.8364583333  57388.9520833333   0.0646   0.0261  16.0
ALGO  32             27.014429             -1.003667  57388.8368055556  57388.9993055556   0.0290   0.0108  41.4
ALGO   3             48.817556              9.893176  57388.8934027778  57388.9993055556   0.0413   0.0170  31.1
ALGO  26              7.699392            -13.194097  57388.9086805556  57388.9993055556   0.0344   0.0156  38.7
ALGO  29            -34.970567             -9.043618  57388.9423611111  57388.9993055556   0.0438   0.0315  16.7
ALGO  16             46.454048             18.864487  57388.9506944444  57388.9993055556   0.0288   0.0254  24.7
ALGO  23             10.640158             11.845968  57388.9586805556  57388.9993055556   0.0509   0.0364  18.0
