ZIMM   2            -49.306697            -32.574983  57388.0000000000  57388.0489583333   0.0387   0.0273  18.9
ZIMM  12            -17.545688            -31.525340  57388.0000000000  57388.0430555556   0.0377   0.0302  17.9
ZIMM  14             20.716845             -6.611274  57388.0000000000  57388.0072916667   0.0327   0.0964  16.0
ZIMM  25             -0.545725            -38.569767  57388.0000000000  57388.0298611111   0.0100   0.0162  60.9
ZIMM  26              0.417858            -33.647161  57388.0000000000  57388.2333333333   0.0269   0.0094  46.3
ZIMM  29             10.815127            -15.569483  57388.0000000000  57388.1631944444   0.0232   0.0096  50.2
ZIMM  31              8.966743             -8.574864  57388.0000000000  57388.0298611111   0.0099   0.0156  56.3
ZIMM  14             20.828761             -6.760065  57388.0076388889  57388.0152777778   0.0920   0.1123  11.9
ZIMM  21             21.002429            -11.805636  57388.0076388889  57388.0298611111   0.0354   0.0396  18.5
ZIMM   5              8.355218            -12.656996  57388.0232638889  57388.1145833333   0.0600   0.0269  12.5
ZIMM  21             21.010875            -11.623268  57388.0302083333  57388.2513888889   0.0231   0.0089  48.8
ZIMM  25             -0.519434            -38.458043  57388.0302083333  57388.1038194444   0.0325   0.0167  31.1
ZIMM  31              8.978745             -8.563139  57388.0302083333  57388.1388888889   0.0374   0.0132  37.9
ZIMM  20             25.771326            -12.640290  57388.0371527778  57388.1909722222   0.0329   0.0145  22.1
ZIMM  16             10.943122             -9.659556  57388.0420138889  57388.2736111111   0.0284   0.0090  42.9
ZIMM  27             10.391657            -26.556319  57388.0892361111  57388.3524305556   0.0275   0.0085  46.8
ZIMM  18            -16.326528            -27.495312  57388.0899305556  57388.2826388889   0.0340   0.0110  34.3
ZIMM  10              2.776856            -27.589392  57388.1305555556  57388.3375000000   0.0308   0.0093  40.9
ZIMM   8             21.761498            -18.754130  57388.1461805556  57388.3954861111   0.0279   0.0088  44.9
ZIMM  22             -1.162811            -10.709042  57388.1510416667  57388.3850694444   0.0286   0.0095  42.4
ZIMM   7             20.270843             -6.643388  57388.1576388889  57388.2274305556   0.0654   0.0406  10.7
ZIMM  15             64.462777              9.132712  57388.2045138889  57388.2274305556   0.0984   0.0774   8.4
ZIMM  11             19.436854             -7.454241  57388.2138888889  57388.4711805556   0.0321   0.0092  45.8
ZIMM  14           -506.773124           -217.497212  57388.2350694444  57388.3975694444   0.0330   0.0144  26.1
ZIMM   1              4.162013            -30.532688  57388.2378472222  57388.4979166667   0.0273   0.0085  48.0
ZIMM  32            -22.295950            -32.628921  57388.2392361111  57388.4968750000   0.0228   0.0085  46.9
ZIMM  28             -9.682758            -18.568121  57388.2687500000  57388.3940972222   0.0460   0.0201  17.4
ZIMM   3            -11.357236            -33.749236  57388.2857638889  57388.5597222222   0.0225   0.0083  46.9
ZIMM  19              7.914451             -6.482162  57388.3222222222  57388.5055555556   0.0308   0.0122  33.0
ZIMM  17              1.598534            -14.580487  57388.3392361111  57388.5013888889   0.0321   0.0134  30.6
ZIMM  23            111.750135             19.515998  57388.3614583333  57388.6166666667   0.0226   0.0098  46.3
ZIMM  31             -3.474971            -48.537190  57388.3687500000  57388.4913194444   0.0433   0.0196  17.1
ZIMM   9           -368.372266           -192.780167  57388.4111111111  57388.6815972222   0.0227   0.0078  46.7
ZIMM   6            -31.858290            -47.754137  57388.4173611111  57388.6305555556   0.0292   0.0101  37.0
ZIMM   2             25.886361             -4.585577  57388.4875000000  57388.6611111111   0.0302   0.0133  29.8
ZIMM   7             16.070115            -39.633118  57388.4909722222  57388.7284722222   0.0257   0.0097  43.2
ZIMM  17              1.566708            -14.681555  57388.5017361111  57388.5156250000   0.0718   0.1370  10.5
ZIMM  16             33.869017            -15.764477  57388.5277777778  57388.6118055556   0.0617   0.0333  12.2
ZIMM  30             23.899084            -41.612958  57388.5312500000  57388.7836805556   0.0410   0.0101  45.4
ZIMM   5             -2.055724            -28.641543  57388.5461805556  57388.7694444444   0.0221   0.0097  40.6
ZIMM  13             16.017339            -24.531239  57388.5961805556  57388.7236111111   0.0259   0.0123  40.9
ZIMM  28            -23.951137            -45.609863  57388.6270833333  57388.7284722222   0.0221   0.0137  39.6
ZIMM  20            -16.145011            -32.638699  57388.6340277778  57388.8131944444   0.0282   0.0113  31.1
ZIMM  15             -2.282149            -25.629681  57388.6645833333  57388.7284722222   0.0237   0.0204  24.7
ZIMM   8           -219.729545           -115.018558  57388.7000000000  57388.7111111111   0.1118   0.0987   7.5
ZIMM  13             16.041894            -24.549273  57388.7288194444  57388.8611111111   0.0215   0.0115  50.5
ZIMM  15             -2.263446            -25.577492  57388.7288194444  57388.7517361111   0.0097   0.0205  50.8
ZIMM  17             -0.187803            -20.610643  57388.7298611111  57388.9010416667   0.0322   0.0128  26.1
ZIMM  18             15.113343            -12.522735  57388.7354166667  57388.8642361111   0.0380   0.0201  19.9
ZIMM  19              3.836250            -14.488108  57388.7354166667  57388.8805555556   0.0366   0.0140  23.4
ZIMM  24             -7.791858            -38.618673  57388.7354166667  57388.9868055556   0.0226   0.0079  49.5
ZIMM  28            -23.947602            -45.564115  57388.7354166667  57388.7517361111   0.0094   0.0194  58.2
ZIMM  15             -2.249875            -25.609118  57388.7520833333  57388.9038194444   0.0258   0.0111  50.0
ZIMM  28            -23.949051            -45.554176  57388.7520833333  57388.8291666667   0.0234   0.0154  35.0
ZIMM  12            212.280817             66.469496  57388.7697916667  57388.9993055556   0.0238   0.0075  51.2
ZIMM  10            -12.735725            -32.662173  57388.7753472222  57388.8822916667   0.0547   0.0270  14.6
ZIMM  22            -24.562489            -17.817660  57388.8190972222  57388.8791666667   0.0977   0.0512   9.4
ZIMM  25             25.044965            -22.991607  57388.8336805556  57388.8420138889   0.0848   0.0986  12.5
ZIMM  14              8.640969            -11.545013  57388.8409722222  57388.9993055556   0.0257   0.0131  31.2
ZIMM  25             25.026083            -22.627159  57388.8423611111  57388.9993055556   0.0232   0.0131  54.4
ZIMM   6             23.704885            -21.734442  57388.8618055556  57388.9833333333   0.0424   0.0220  16.8
ZIMM   2             15.872828             -2.597320  57388.8788194444  57388.9993055556   0.0316   0.0153  26.6
ZIMM  29            -12.365943            -23.637973  57388.8958333333  57388.9993055556   0.0301   0.0128  41.4
ZIMM  31             45.827889              9.423795  57388.9208333333  57388.9993055556   0.0329   0.0187  29.6
ZIMM  26              8.942852            -25.937305  57388.9861111111  57388.9993055556   0.0581   0.0413  10.4
