ZIMM   2            -49.298683            -32.574983  57388.0000000000  57388.0489583333   0.0392   0.0273  18.9
ZIMM  12            -17.526678            -31.525340  57388.0000000000  57388.0430555556   0.0390   0.0302  17.9
ZIMM  14             20.722880             -6.611274  57388.0000000000  57388.0072916667   0.0327   0.0964  16.0
ZIMM  25             -0.500057            -38.569767  57388.0000000000  57388.0298611111   0.0156   0.0162  60.9
ZIMM  26              0.425662            -33.647161  57388.0000000000  57388.2333333333   0.0279   0.0094  46.3
ZIMM  29             10.840003            -15.569483  57388.0000000000  57388.1631944444   0.0238   0.0096  50.2
ZIMM  31              8.988565             -8.574864  57388.0000000000  57388.0298611111   0.0101   0.0156  56.3
ZIMM  14             20.832296             -6.760065  57388.0076388889  57388.0152777778   0.0911   0.1123  11.9
ZIMM  21             21.022914            -11.805636  57388.0076388889  57388.0298611111   0.0356   0.0396  18.5
ZIMM   5              8.368161            -12.656996  57388.0232638889  57388.1145833333   0.0603   0.0269  12.5
ZIMM  21             21.022914            -11.623268  57388.0302083333  57388.2513888889   0.0246   0.0089  48.8
ZIMM  25             -0.500057            -38.458043  57388.0302083333  57388.1038194444   0.0325   0.0167  31.1
ZIMM  31              8.988565             -8.563139  57388.0302083333  57388.1388888889   0.0387   0.0132  37.9
ZIMM  20             25.783756            -12.640290  57388.0371527778  57388.1909722222   0.0329   0.0145  22.1
ZIMM  16             10.939188             -9.659556  57388.0420138889  57388.2736111111   0.0286   0.0090  42.9
ZIMM  27             10.377144            -26.556319  57388.0892361111  57388.3524305556   0.0293   0.0085  46.8
ZIMM  18            -16.336467            -27.495312  57388.0899305556  57388.2826388889   0.0383   0.0110  34.3
ZIMM  10              2.773022            -27.589392  57388.1305555556  57388.3375000000   0.0315   0.0093  40.9
ZIMM   8             21.750266            -18.754130  57388.1461805556  57388.3954861111   0.0275   0.0088  44.9
ZIMM  22             -1.161285            -10.709042  57388.1510416667  57388.3850694444   0.0284   0.0095  42.4
ZIMM   7             20.264379             -6.643388  57388.1576388889  57388.2274305556   0.0645   0.0406  10.7
ZIMM  15             64.479472              9.132712  57388.2045138889  57388.2274305556   0.1014   0.0774   8.4
ZIMM  11             19.402907             -7.454241  57388.2138888889  57388.4711805556   0.0348   0.0092  45.8
ZIMM  14           -506.769271           -217.497212  57388.2350694444  57388.3975694444   0.0324   0.0144  26.1
ZIMM   1              4.128540            -30.532688  57388.2378472222  57388.4979166667   0.0272   0.0085  48.0
ZIMM  32            -22.320580            -32.628921  57388.2392361111  57388.4968750000   0.0221   0.0085  46.9
ZIMM  28             -9.724186            -18.568121  57388.2687500000  57388.3940972222   0.0464   0.0201  17.4
ZIMM   3            -11.377257            -33.749236  57388.2857638889  57388.5597222222   0.0231   0.0083  46.9
ZIMM  19              7.897539             -6.482162  57388.3222222222  57388.5055555556   0.0331   0.0122  33.0
ZIMM  17              1.582812            -14.580487  57388.3392361111  57388.5013888889   0.0299   0.0134  30.6
ZIMM  23            111.743395             19.515998  57388.3614583333  57388.6166666667   0.0250   0.0098  46.3
ZIMM  31             -3.475583            -48.537190  57388.3687500000  57388.4913194444   0.0449   0.0196  17.1
ZIMM   9           -368.374252           -192.780167  57388.4111111111  57388.6815972222   0.0259   0.0078  46.7
ZIMM   6            -31.842264            -47.754137  57388.4173611111  57388.6305555556   0.0313   0.0101  37.0
ZIMM   2             25.916001             -4.585577  57388.4875000000  57388.6611111111   0.0308   0.0133  29.8
ZIMM   7             16.063704            -39.633118  57388.4909722222  57388.7284722222   0.0278   0.0097  43.2
ZIMM  17              1.570452            -14.681555  57388.5017361111  57388.5156250000   0.0722   0.1370  10.5
ZIMM  16             33.868609            -15.764477  57388.5277777778  57388.6118055556   0.0622   0.0333  12.2
ZIMM  30             23.899256            -41.612958  57388.5312500000  57388.7836805556   0.0384   0.0101  45.4
ZIMM   5             -2.020882            -28.641543  57388.5461805556  57388.7694444444   0.0274   0.0097  40.6
ZIMM  13             16.030643            -24.531239  57388.5961805556  57388.7236111111   0.0280   0.0123  40.9
ZIMM  28            -23.940590            -45.609863  57388.6270833333  57388.7284722222   0.0218   0.0137  39.6
ZIMM  20            -16.138099            -32.638699  57388.6340277778  57388.8131944444   0.0306   0.0113  31.1
ZIMM  15             -2.252312            -25.629681  57388.6645833333  57388.7284722222   0.0253   0.0204  24.7
ZIMM   8           -219.715674           -115.018558  57388.7000000000  57388.7111111111   0.0950   0.0987   7.5
ZIMM  13             16.030643            -24.549273  57388.7288194444  57388.8611111111   0.0229   0.0115  50.5
ZIMM  15             -2.252311            -25.577492  57388.7288194444  57388.7517361111   0.0129   0.0205  50.8
ZIMM  17             -0.202504            -20.610643  57388.7298611111  57388.9010416667   0.0314   0.0128  26.1
ZIMM  18             15.104924            -12.522735  57388.7354166667  57388.8642361111   0.0383   0.0201  19.9
ZIMM  19              3.830987            -14.488108  57388.7354166667  57388.8805555556   0.0381   0.0140  23.4
ZIMM  24             -7.806626            -38.618673  57388.7354166667  57388.9868055556   0.0229   0.0079  49.5
ZIMM  28            -23.940590            -45.564115  57388.7354166667  57388.7517361111   0.0115   0.0194  58.2
ZIMM  15             -2.252311            -25.609118  57388.7520833333  57388.9038194444   0.0260   0.0111  50.0
ZIMM  28            -23.940590            -45.554176  57388.7520833333  57388.8291666667   0.0268   0.0154  35.0
ZIMM  12            212.283112             66.469496  57388.7697916667  57388.9993055556   0.0242   0.0075  51.2
ZIMM  10            -12.727987            -32.662173  57388.7753472222  57388.8822916667   0.0539   0.0270  14.6
ZIMM  22            -24.559625            -17.817660  57388.8190972222  57388.8791666667   0.1027   0.0512   9.4
ZIMM  25             25.039222            -22.991607  57388.8336805556  57388.8420138889   0.0849   0.0986  12.5
ZIMM  14              8.657951            -11.545013  57388.8409722222  57388.9993055556   0.0282   0.0131  31.2
ZIMM  25             25.056405            -22.627159  57388.8423611111  57388.9993055556   0.0246   0.0131  54.4
ZIMM   6             23.667827            -21.734442  57388.8618055556  57388.9833333333   0.0425   0.0220  16.8
ZIMM   2             15.832275             -2.597320  57388.8788194444  57388.9993055556   0.0316   0.0153  26.6
ZIMM  29            -12.336038            -23.637973  57388.8958333333  57388.9993055556   0.0310   0.0128  41.4
ZIMM  31             45.818965              9.423795  57388.9208333333  57388.9993055556   0.0313   0.0187  29.6
ZIMM  26              8.900694            -25.937305  57388.9861111111  57388.9993055556   0.0547   0.0413  10.4
