Single-Difference Ambiguity Constraint                      COMMENT
    SD                                                      TYPE OF CONSTRAINT
                                                            END OF HEADER
ALGO G03 G32 2016  1  1  0  0  0.000000 2016  1  1  1 19  0.000000             6            6   0.000
ALGO G26 G29 2016  1  1  0  0  0.000000 2016  1  1  1 39 30.000000             5          129   0.000
ALGO G29 G31 2016  1  1  0  0  0.000000 2016  1  1  1 39 30.000000            -6          -70   0.000
ALGO G03 G16 2016  1  1  0  0  0.000000 2016  1  1  1 53 30.000000            -4          -51   0.000
ALGO G16 G26 2016  1  1  0  0  0.000000 2016  1  1  3 44  0.000000             8          -30   0.000
ALGO G23 G28 2016  1  1  4 13  0.000000 2016  1  1  4 28 30.000000            -6          -37   0.000
ALGO G09 G23 2016  1  1  0 38 30.000000 2016  1  1  4 28 30.000000            -6           74   0.000
ALGO G11 G16 2016  1  1  3 38 30.000000 2016  1  1  4 58  0.000000             2          -89   0.000
ALGO G09 G27 2016  1  1  0 52  0.000000 2016  1  1  5 21  0.000000             3           -2   0.000
ALGO G07 G27 2016  1  1  1 47  0.000000 2016  1  1  6 10 30.000000            12          -40   0.000
ALGO G13 G30 2016  1  1  4 53 30.000000 2016  1  1  7 22  0.000000             5          -52   0.000
ALGO G11 G13 2016  1  1  4 53 30.000000 2016  1  1  7 22  0.000000             8           27   0.000
ALGO G01 G08 2016  1  1  4 31 30.000000 2016  1  1  7 31 30.000000            -4          -18   0.000
ALGO G03 G08 2016  1  1  7  0  0.000000 2016  1  1  7 31 30.000000           -13          -42   0.000
ALGO G01 G07 2016  1  1  4 31 30.000000 2016  1  1  7 38 30.000000             0           48   0.000
ALGO G19 G30 2016  1  1  5  9 30.000000 2016  1  1  8 36  0.000000             0          -41   0.000
ALGO G11 G17 2016  1  1  5 29  0.000000 2016  1  1  9  0  0.000000             9            2   0.000
ALGO G24 G32 2016  1  1  7 48  0.000000 2016  1  1  9 36  0.000000             9           24   0.000
ALGO G06 G32 2016  1  1  7 34 30.000000 2016  1  1  9 36  0.000000             4           45   0.000
ALGO G01 G12 2016  1  1  9  5 30.000000 2016  1  1  9 39  0.000000            -3           66   0.000
ALGO G19 G28 2016  1  1  5  9 30.000000 2016  1  1 10 44  0.000000            -7           -3   0.000
ALGO G05 G19 2016  1  1 10 49 30.000000 2016  1  1 11 50 30.000000             4          -13   0.000
ALGO G17 G25 2016  1  1 10 33  0.000000 2016  1  1 12 21  0.000000            -5          -29   0.000
ALGO G13 G25 2016  1  1 13  6 30.000000 2016  1  1 13 31 30.000000            -3          -12   0.000
ALGO G02 G12 2016  1  1  9  5 30.000000 2016  1  1 13 44  0.000000            -2            0   0.000
ALGO G09 G20 2016  1  1 12 33  0.000000 2016  1  1 13 59 30.000000            -5           18   0.000
ALGO G06 G13 2016  1  1 13  6 30.000000 2016  1  1 14  8 30.000000            -2           24   0.000
ALGO G15 G29 2016  1  1 13 55  0.000000 2016  1  1 17  9 30.000000            -5           53   0.000
ALGO G18 G29 2016  1  1 15 27 30.000000 2016  1  1 17  9 30.000000            -7           34   0.000
ALGO G05 G10 2016  1  1 16 29  0.000000 2016  1  1 17  9 30.000000            -9         -101   0.000
ALGO G13 G24 2016  1  1 16 14 30.000000 2016  1  1 17 29  0.000000            10          -64   0.000
ALGO G20 G21 2016  1  1 14 11  0.000000 2016  1  1 19 16  0.000000            -4            7   0.000
ALGO G15 G21 2016  1  1 14 11  0.000000 2016  1  1 19 55 30.000000            -7           46   0.000
ALGO G12 G15 2016  1  1 18 57 30.000000 2016  1  1 19 55 30.000000            14           26   0.000
ALGO G24 G25 2016  1  1 19 31 30.000000 2016  1  1 21 17 30.000000            -8          -35   0.000
ALGO G18 G25 2016  1  1 19 31 30.000000 2016  1  1 21 37 30.000000            -3         -106   0.000
ALGO G10 G14 2016  1  1 17 31 30.000000 2016  1  1 22 42  0.000000             9           10   0.000
ALGO G01 G31 2016  1  1 20  4 30.000000 2016  1  1 22 51  0.000000             2           71   0.000
ALGO G01 G22 2016  1  1 20  4 30.000000 2016  1  1 22 51  0.000000            -4           79   0.000
ALGO G03 G22 2016  1  1 21 26 30.000000 2016  1  1 23 24 30.000000             4           54   0.000
ALGO G26 G31 2016  1  1 21 48 30.000000 2016  1  1 23 59  0.000000           -13           54   0.000
ALGO G23 G29 2016  1  1 23  0 30.000000 2016  1  1 23 59  0.000000            21            7   0.000
ALGO G03 G14 2016  1  1 21 26 30.000000 2016  1  1 23 59  0.000000             7            1   0.000
ALGO G16 G32 2016  1  1 22 49  0.000000 2016  1  1 23 59  0.000000            20          -36   0.000
ALGO G26 G32 2016  1  1 21 48 30.000000 2016  1  1 23 59  0.000000           -12            8   0.000
ALGO G23 G25 2016  1  1 23  0 30.000000 2016  1  1 23 59  0.000000             9         -126   0.000
