Single-Difference Ambiguity Constraint                      COMMENT
    SD                                                      TYPE OF CONSTRAINT
                                                            END OF HEADER
ZIMM G12 G31 2016  1  1  0  0  0.000000 2016  1  1  0 43  0.000000           -23           34   0.000
ZIMM G29 G31 2016  1  1  0  0  0.000000 2016  1  1  0 43  0.000000            -7           28   0.000
ZIMM G21 G26 2016  1  1  0 11  0.000000 2016  1  1  0 43  0.000000            22          -41   0.000
ZIMM G25 G29 2016  1  1  0  0  0.000000 2016  1  1  0 43  0.000000           -23           61   0.000
ZIMM G12 G25 2016  1  1  0 43 30.000000 2016  1  1  1  2  0.000000             7          -55   0.000
ZIMM G02 G26 2016  1  1  0  0  0.000000 2016  1  1  1 10 30.000000             1          -92   0.000
ZIMM G02 G31 2016  1  1  0 43 30.000000 2016  1  1  1 10 30.000000           -24          -19   0.000
ZIMM G20 G25 2016  1  1  0 53 30.000000 2016  1  1  2 29 30.000000            26          -45   0.000
ZIMM G21 G31 2016  1  1  0 43 30.000000 2016  1  1  3 20  0.000000            -3           32   0.000
ZIMM G20 G21 2016  1  1  0 53 30.000000 2016  1  1  4 35  0.000000            -1           12   0.000
ZIMM G22 G26 2016  1  1  3 37 30.000000 2016  1  1  5 36  0.000000            23          -84   0.000
ZIMM G10 G16 2016  1  1  3  8  0.000000 2016  1  1  6 34  0.000000           -18           49   0.000
ZIMM G16 G18 2016  1  1  2  9 30.000000 2016  1  1  6 34  0.000000            18          -15   0.000
ZIMM G18 G27 2016  1  1  2  9 30.000000 2016  1  1  6 47  0.000000            -1          -44   0.000
ZIMM G10 G22 2016  1  1  3 37 30.000000 2016  1  1  8  6  0.000000           -17           67   0.000
ZIMM G08 G27 2016  1  1  3 30 30.000000 2016  1  1  8 27 30.000000             8           -8   0.000
ZIMM G17 G27 2016  1  1  8  8 30.000000 2016  1  1  8 27 30.000000            12          -58   0.000
ZIMM G22 G31 2016  1  1  8 51  0.000000 2016  1  1  9 14 30.000000            38         -130   0.000
ZIMM G11 G28 2016  1  1  6 27  0.000000 2016  1  1  9 27 30.000000            11           13   0.000
ZIMM G14 G31 2016  1  1  8 51  0.000000 2016  1  1  9 32 30.000000          -169         -299   0.000
ZIMM G01 G11 2016  1  1  5 42 30.000000 2016  1  1 11 18 30.000000           -23           54   0.000
ZIMM G23 G31 2016  1  1  8 51  0.000000 2016  1  1 11 47 30.000000            68          -35   0.000
ZIMM G03 G32 2016  1  1  6 51 30.000000 2016  1  1 11 55 30.000000            -1           23   0.000
ZIMM G01 G32 2016  1  1  5 44 30.000000 2016  1  1 11 55 30.000000             2           40   0.000
ZIMM G17 G19 2016  1  1  8  8 30.000000 2016  1  1 12  2  0.000000            -8           17   0.000
ZIMM G03 G17 2016  1  1  8  8 30.000000 2016  1  1 12  2  0.000000           -19           44   0.000
ZIMM G07 G23 2016  1  1 11 47  0.000000 2016  1  1 14 48  0.000000           -59           38   0.000
ZIMM G06 G30 2016  1  1 12 45  0.000000 2016  1  1 15  8  0.000000            -6          -78   0.000
ZIMM G02 G06 2016  1  1 11 42  0.000000 2016  1  1 15  8  0.000000            43          -49   0.000
ZIMM G02 G05 2016  1  1 13  6 30.000000 2016  1  1 15 52  0.000000            24          -35   0.000
ZIMM G07 G09 2016  1  1 11 47  0.000000 2016  1  1 16 21 30.000000           153          144   0.000
ZIMM G09 G30 2016  1  1 12 45  0.000000 2016  1  1 16 21 30.000000          -151         -165   0.000
ZIMM G13 G28 2016  1  1 15  3  0.000000 2016  1  1 17 22  0.000000            21           -3   0.000
ZIMM G20 G28 2016  1  1 15 13  0.000000 2016  1  1 17 29  0.000000            13          -32   0.000
ZIMM G05 G15 2016  1  1 15 57  0.000000 2016  1  1 17 29  0.000000            -3           11   0.000
ZIMM G20 G28 2016  1  1 17 39  0.000000 2016  1  1 18  2 30.000000            13          -32   0.000
ZIMM G15 G28 2016  1  1 17 39  0.000000 2016  1  1 18  2 30.000000            20          -32   0.000
ZIMM G12 G30 2016  1  1 18 28 30.000000 2016  1  1 18 48 30.000000           108          -46   0.000
ZIMM G15 G30 2016  1  1 18  3  0.000000 2016  1  1 18 48 30.000000            16         -103   0.000
ZIMM G12 G20 2016  1  1 18 28 30.000000 2016  1  1 19 31  0.000000            99           57   0.000
ZIMM G20 G28 2016  1  1 18  3  0.000000 2016  1  1 19 31  0.000000            13          -32   0.000
ZIMM G13 G17 2016  1  1 17 31  0.000000 2016  1  1 20 40  0.000000            -4           43   0.000
ZIMM G13 G18 2016  1  1 17 39  0.000000 2016  1  1 20 40  0.000000           -12           44   0.000
ZIMM G18 G19 2016  1  1 17 39  0.000000 2016  1  1 20 44 30.000000             2           13   0.000
ZIMM G15 G19 2016  1  1 18  3  0.000000 2016  1  1 21  8  0.000000           -11           28   0.000
ZIMM G17 G24 2016  1  1 17 39  0.000000 2016  1  1 21 37 30.000000            18          -50   0.000
ZIMM G02 G06 2016  1  1 21  5 30.000000 2016  1  1 23 36  0.000000            19          -81   0.000
ZIMM G06 G24 2016  1  1 20 41  0.000000 2016  1  1 23 36  0.000000            17           -4   0.000
ZIMM G24 G31 2016  1  1 22  6  0.000000 2016  1  1 23 41  0.000000           -48           74   0.000
ZIMM G14 G29 2016  1  1 21 30  0.000000 2016  1  1 23 59  0.000000            12           -5   0.000
ZIMM G25 G29 2016  1  1 21 30  0.000000 2016  1  1 23 59  0.000000             1           63   0.000
ZIMM G12 G14 2016  1  1 20 11  0.000000 2016  1  1 23 59  0.000000            78           87   0.000
