ZIMM   2            -48.541599            -32.562161  57388.0000000000  57388.0413194444   0.0250   0.0269  20.7
ZIMM  12            -16.769588            -31.525119  57388.0000000000  57388.0413194444   0.0372   0.0306  18.3
ZIMM  14             21.540834             -6.676704  57388.0000000000  57388.0152777778   0.0749   0.0734  13.9
ZIMM  25              0.257030            -38.569767  57388.0000000000  57388.0298611111   0.0165   0.0162  60.9
ZIMM  26              1.182750            -33.714947  57388.0000000000  57388.0413194444   0.0201   0.0283  23.6
ZIMM  29             11.597073            -15.557532  57388.0000000000  57388.0413194444   0.0121   0.0126  82.4
ZIMM  31              9.745688             -8.574864  57388.0000000000  57388.0298611111   0.0102   0.0156  56.3
ZIMM  21             21.780017            -11.805636  57388.0076388889  57388.0298611111   0.0379   0.0396  18.5
ZIMM   5              9.148984            -12.609124  57388.0232638889  57388.0413194444   0.0734   0.0739   9.7
ZIMM  21             21.779995            -11.667655  57388.0302083333  57388.0413194444   0.0063   0.0476  29.5
ZIMM  25              0.257041            -38.526005  57388.0302083333  57388.0413194444   0.0117   0.0248  49.1
ZIMM  31              9.745647             -8.504680  57388.0302083333  57388.0413194444   0.0106   0.0308  59.9
