Single-Difference Ambiguity Constraint                      COMMENT
    SD                                                      TYPE OF CONSTRAINT
                                                            END OF HEADER
ZIMM G02 G25 2016  1  1  0  0  0.000000 2016  1  1  0 43  0.000000             6         -108   0.000
ZIMM G26 G31 2016  1  1  0  0  0.000000 2016  1  1  0 43  0.000000           -25           73   0.000
ZIMM G12 G25 2016  1  1  0  0  0.000000 2016  1  1  0 43  0.000000             7          -55   0.000
ZIMM G29 G31 2016  1  1  0  0  0.000000 2016  1  1  0 43  0.000000            -7           28   0.000
ZIMM G21 G26 2016  1  1  0 11  0.000000 2016  1  1  0 43  0.000000            22          -41   0.000
ZIMM G21 G29 2016  1  1  0 43 30.000000 2016  1  1  0 59 30.000000             4            4   0.000
ZIMM G29 G31 2016  1  1  0 43 30.000000 2016  1  1  0 59 30.000000            -7           28   0.000
ZIMM G02 G25 2016  1  1  0 43 30.000000 2016  1  1  0 59 30.000000             6         -108   0.000
ZIMM G02 G21 2016  1  1  0 43 30.000000 2016  1  1  0 59 30.000000           -21          -51   0.000
