Kinematic Trajectory          ALGO                          COMMENT
    30.00                                                   INTERVAL
                                                            END OF HEADER
57388     0.00     918129.197 -4346071.286  4561977.891
57388    30.00     918129.199 -4346071.292  4561977.884
57388    60.00     918129.202 -4346071.292  4561977.886
57388    90.00     918129.202 -4346071.287  4561977.887
57388   120.00     918129.197 -4346071.286  4561977.892
57388   150.00     918129.197 -4346071.284  4561977.887
57388   180.00     918129.198 -4346071.294  4561977.892
57388   210.00     918129.195 -4346071.276  4561977.877
57388   240.00     918129.195 -4346071.287  4561977.888
57388   270.00     918129.201 -4346071.294  4561977.890
57388   300.00     918129.201 -4346071.294  4561977.893
57388   330.00     918129.200 -4346071.296  4561977.888
57388   360.00     918129.198 -4346071.298  4561977.892
57388   390.00     918129.196 -4346071.285  4561977.886
57388   420.00     918129.195 -4346071.289  4561977.894
57388   450.00     918129.192 -4346071.286  4561977.882
57388   480.00     918129.197 -4346071.285  4561977.883
57388   510.00     918129.197 -4346071.281  4561977.881
57388   540.00     918129.195 -4346071.289  4561977.894
57388   570.00     918129.194 -4346071.287  4561977.891
57388   600.00     918129.196 -4346071.284  4561977.888
57388   630.00     918129.197 -4346071.297  4561977.896
57388   660.00     918129.198 -4346071.286  4561977.880
57388   690.00     918129.199 -4346071.291  4561977.885
57388   720.00     918129.200 -4346071.284  4561977.881
57388   750.00     918129.198 -4346071.288  4561977.881
57388   780.00     918129.198 -4346071.289  4561977.885
57388   810.00     918129.196 -4346071.291  4561977.889
57388   840.00     918129.196 -4346071.286  4561977.885
57388   870.00     918129.197 -4346071.290  4561977.888
57388   900.00     918129.193 -4346071.286  4561977.891
57388   930.00     918129.192 -4346071.281  4561977.890
57388   960.00     918129.196 -4346071.286  4561977.885
57388   990.00     918129.197 -4346071.289  4561977.885
57388  1020.00     918129.195 -4346071.291  4561977.888
57388  1050.00     918129.193 -4346071.292  4561977.891
57388  1080.00     918129.191 -4346071.285  4561977.884
57388  1110.00     918129.192 -4346071.289  4561977.887
57388  1140.00     918129.194 -4346071.292  4561977.889
57388  1170.00     918129.191 -4346071.282  4561977.878
57388  1200.00     918129.195 -4346071.281  4561977.872
57388  1230.00     918129.196 -4346071.282  4561977.873
57388  1260.00     918129.198 -4346071.286  4561977.877
57388  1290.00     918129.197 -4346071.282  4561977.874
57388  1320.00     918129.198 -4346071.279  4561977.872
57388  1350.00     918129.196 -4346071.283  4561977.881
57388  1380.00     918129.197 -4346071.284  4561977.886
57388  1410.00     918129.196 -4346071.291  4561977.888
57388  1440.00     918129.194 -4346071.290  4561977.886
57388  1470.00     918129.191 -4346071.290  4561977.889
57388  1500.00     918129.196 -4346071.285  4561977.878
57388  1530.00     918129.197 -4346071.292  4561977.879
57388  1560.00     918129.197 -4346071.286  4561977.873
57388  1590.00     918129.196 -4346071.279  4561977.871
57388  1620.00     918129.197 -4346071.274  4561977.866
57388  1650.00     918129.196 -4346071.276  4561977.873
57388  1680.00     918129.196 -4346071.282  4561977.879
57388  1710.00     918129.197 -4346071.287  4561977.886
57388  1740.00     918129.197 -4346071.288  4561977.877
57388  1770.00     918129.198 -4346071.286  4561977.879
57388  1800.00     918129.196 -4346071.282  4561977.876
57388  1830.00     918129.194 -4346071.288  4561977.876
57388  1860.00     918129.197 -4346071.285  4561977.875
57388  1890.00     918129.192 -4346071.287  4561977.884
57388  1920.00     918129.193 -4346071.290  4561977.885
57388  1950.00     918129.194 -4346071.285  4561977.879
57388  1980.00     918129.199 -4346071.291  4561977.877
57388  2010.00     918129.198 -4346071.283  4561977.872
57388  2040.00     918129.193 -4346071.292  4561977.880
57388  2070.00     918129.192 -4346071.280  4561977.868
57388  2100.00     918129.192 -4346071.279  4561977.874
57388  2130.00     918129.190 -4346071.286  4561977.877
57388  2160.00     918129.195 -4346071.278  4561977.872
57388  2190.00     918129.193 -4346071.282  4561977.870
57388  2220.00     918129.193 -4346071.286  4561977.879
57388  2250.00     918129.194 -4346071.281  4561977.875
57388  2280.00     918129.194 -4346071.290  4561977.885
57388  2310.00     918129.192 -4346071.275  4561977.873
57388  2340.00     918129.194 -4346071.275  4561977.865
57388  2370.00     918129.198 -4346071.276  4561977.868
57388  2400.00     918129.191 -4346071.280  4561977.875
57388  2430.00     918129.198 -4346071.289  4561977.873
57388  2460.00     918129.196 -4346071.282  4561977.874
57388  2490.00     918129.192 -4346071.285  4561977.883
57388  2520.00     918129.196 -4346071.274  4561977.867
57388  2550.00     918129.196 -4346071.283  4561977.874
57388  2580.00     918129.195 -4346071.280  4561977.878
57388  2610.00     918129.194 -4346071.283  4561977.881
57388  2640.00     918129.192 -4346071.282  4561977.884
57388  2670.00     918129.194 -4346071.282  4561977.870
57388  2700.00     918129.190 -4346071.282  4561977.871
57388  2730.00     918129.200 -4346071.284  4561977.878
57388  2760.00     918129.195 -4346071.279  4561977.865
57388  2790.00     918129.194 -4346071.284  4561977.872
57388  2820.00     918129.192 -4346071.286  4561977.870
57388  2850.00     918129.195 -4346071.283  4561977.869
57388  2880.00     918129.197 -4346071.285  4561977.865
57388  2910.00     918129.204 -4346071.295  4561977.875
57388  2940.00     918129.199 -4346071.283  4561977.875
57388  2970.00     918129.191 -4346071.275  4561977.871
57388  3000.00     918129.196 -4346071.279  4561977.872
57388  3030.00     918129.184 -4346071.269  4561977.871
57388  3060.00     918129.188 -4346071.272  4561977.873
57388  3090.00     918129.187 -4346071.272  4561977.870
57388  3120.00     918129.194 -4346071.276  4561977.866
57388  3150.00     918129.198 -4346071.282  4561977.866
57388  3180.00     918129.190 -4346071.272  4561977.872
57388  3210.00     918129.195 -4346071.281  4561977.868
57388  3240.00     918129.200 -4346071.295  4561977.870
57388  3270.00     918129.197 -4346071.289  4561977.875
57388  3300.00     918129.201 -4346071.292  4561977.872
57388  3330.00     918129.198 -4346071.296  4561977.875
57388  3360.00     918129.199 -4346071.284  4561977.868
57388  3390.00     918129.199 -4346071.289  4561977.876
57388  3420.00     918129.196 -4346071.284  4561977.871
57388  3450.00     918129.196 -4346071.294  4561977.874
57388  3480.00     918129.195 -4346071.289  4561977.883
57388  3510.00     918129.195 -4346071.289  4561977.878
57388  3540.00     918129.195 -4346071.286  4561977.871
57388  3570.00     918129.197 -4346071.285  4561977.874
