Kinematic Trajectory          ZIMM                          COMMENT
    30.00                                                   INTERVAL
                                                            END OF HEADER
57388     0.00    4331296.899   567556.066  4633134.083
57388    30.00    4331296.914   567556.069  4633134.075
57388    60.00    4331296.909   567556.070  4633134.081
57388    90.00    4331296.909   567556.067  4633134.070
57388   120.00    4331296.911   567556.072  4633134.072
57388   150.00    4331296.911   567556.069  4633134.087
57388   180.00    4331296.905   567556.065  4633134.082
57388   210.00    4331296.902   567556.068  4633134.092
57388   240.00    4331296.906   567556.066  4633134.065
57388   270.00    4331296.913   567556.070  4633134.076
57388   300.00    4331296.911   567556.076  4633134.083
57388   330.00    4331296.906   567556.074  4633134.077
57388   360.00    4331296.912   567556.068  4633134.072
57388   390.00    4331296.908   567556.063  4633134.080
57388   420.00    4331296.913   567556.071  4633134.091
57388   450.00    4331296.901   567556.063  4633134.048
57388   480.00    4331296.902   567556.065  4633134.075
57388   510.00    4331296.894   567556.070  4633134.079
57388   540.00    4331296.899   567556.072  4633134.083
57388   570.00    4331296.906   567556.071  4633134.067
57388   600.00    4331296.911   567556.068  4633134.066
57388   630.00    4331296.915   567556.075  4633134.103
57388   660.00    4331296.910   567556.062  4633134.054
57388   690.00    4331296.915   567556.074  4633134.078
57388   720.00    4331296.919   567556.069  4633134.069
57388   750.00    4331296.915   567556.072  4633134.078
57388   780.00    4331296.905   567556.067  4633134.071
57388   810.00    4331296.909   567556.077  4633134.080
57388   840.00    4331296.914   567556.067  4633134.057
57388   870.00    4331296.915   567556.078  4633134.076
57388   900.00    4331296.917   567556.072  4633134.066
57388   930.00    4331296.911   567556.078  4633134.061
57388   960.00    4331296.910   567556.070  4633134.071
57388   990.00    4331296.901   567556.069  4633134.063
57388  1020.00    4331296.912   567556.076  4633134.065
57388  1050.00    4331296.900   567556.068  4633134.061
57388  1080.00    4331296.897   567556.073  4633134.075
57388  1110.00    4331296.902   567556.067  4633134.058
57388  1140.00    4331296.907   567556.077  4633134.060
57388  1170.00    4331296.906   567556.076  4633134.061
57388  1200.00    4331296.905   567556.074  4633134.068
57388  1230.00    4331296.900   567556.075  4633134.068
57388  1260.00    4331296.902   567556.074  4633134.055
57388  1290.00    4331296.907   567556.072  4633134.053
57388  1320.00    4331296.903   567556.070  4633134.066
57388  1350.00    4331296.899   567556.066  4633134.057
57388  1380.00    4331296.904   567556.071  4633134.070
57388  1410.00    4331296.910   567556.068  4633134.060
57388  1440.00    4331296.906   567556.068  4633134.054
57388  1470.00    4331296.904   567556.071  4633134.045
57388  1500.00    4331296.904   567556.070  4633134.052
57388  1530.00    4331296.919   567556.070  4633134.066
57388  1560.00    4331296.911   567556.066  4633134.060
57388  1590.00    4331296.903   567556.071  4633134.055
57388  1620.00    4331296.893   567556.071  4633134.061
57388  1650.00    4331296.899   567556.067  4633134.060
57388  1680.00    4331296.903   567556.068  4633134.062
57388  1710.00    4331296.905   567556.069  4633134.064
57388  1740.00    4331296.909   567556.072  4633134.064
57388  1770.00    4331296.903   567556.071  4633134.052
57388  1800.00    4331296.913   567556.074  4633134.058
57388  1830.00    4331296.906   567556.071  4633134.063
57388  1860.00    4331296.906   567556.072  4633134.053
57388  1890.00    4331296.907   567556.071  4633134.062
57388  1920.00    4331296.904   567556.073  4633134.057
57388  1950.00    4331296.896   567556.074  4633134.069
57388  1980.00    4331296.906   567556.072  4633134.069
57388  2010.00    4331296.905   567556.072  4633134.061
57388  2040.00    4331296.904   567556.073  4633134.059
57388  2070.00    4331296.897   567556.073  4633134.062
57388  2100.00    4331296.908   567556.075  4633134.068
57388  2130.00    4331296.901   567556.070  4633134.066
57388  2160.00    4331296.901   567556.070  4633134.061
57388  2190.00    4331296.897   567556.074  4633134.064
57388  2220.00    4331296.905   567556.077  4633134.068
57388  2250.00    4331296.896   567556.075  4633134.064
57388  2280.00    4331296.890   567556.070  4633134.061
57388  2310.00    4331296.894   567556.070  4633134.055
57388  2340.00    4331296.895   567556.068  4633134.056
57388  2370.00    4331296.908   567556.075  4633134.061
57388  2400.00    4331296.905   567556.077  4633134.063
57388  2430.00    4331296.895   567556.078  4633134.058
57388  2460.00    4331296.901   567556.073  4633134.060
57388  2490.00    4331296.897   567556.069  4633134.059
57388  2520.00    4331296.899   567556.074  4633134.061
57388  2550.00    4331296.901   567556.072  4633134.058
57388  2580.00    4331296.902   567556.075  4633134.057
57388  2610.00    4331296.902   567556.075  4633134.063
57388  2640.00    4331296.908   567556.078  4633134.067
57388  2670.00    4331296.904   567556.076  4633134.063
57388  2700.00    4331296.896   567556.070  4633134.053
57388  2730.00    4331296.902   567556.072  4633134.065
57388  2760.00    4331296.900   567556.069  4633134.064
57388  2790.00    4331296.900   567556.068  4633134.063
57388  2820.00    4331296.900   567556.069  4633134.058
57388  2850.00    4331296.895   567556.072  4633134.060
57388  2880.00    4331296.897   567556.074  4633134.061
57388  2910.00    4331296.898   567556.069  4633134.063
57388  2940.00    4331296.893   567556.076  4633134.056
57388  2970.00    4331296.896   567556.073  4633134.054
57388  3000.00    4331296.898   567556.076  4633134.059
57388  3030.00    4331296.894   567556.074  4633134.060
57388  3060.00    4331296.896   567556.070  4633134.062
57388  3090.00    4331296.901   567556.076  4633134.063
57388  3120.00    4331296.901   567556.074  4633134.067
57388  3150.00    4331296.906   567556.074  4633134.059
57388  3180.00    4331296.894   567556.073  4633134.054
57388  3210.00    4331296.896   567556.073  4633134.059
57388  3240.00    4331296.889   567556.067  4633134.059
57388  3270.00    4331296.889   567556.068  4633134.057
57388  3300.00    4331296.893   567556.074  4633134.057
57388  3330.00    4331296.897   567556.070  4633134.053
57388  3360.00    4331296.898   567556.073  4633134.055
57388  3390.00    4331296.897   567556.070  4633134.061
57388  3420.00    4331296.899   567556.066  4633134.055
57388  3450.00    4331296.909   567556.070  4633134.059
57388  3480.00    4331296.911   567556.073  4633134.064
57388  3510.00    4331296.899   567556.075  4633134.056
57388  3540.00    4331296.898   567556.076  4633134.057
57388  3570.00    4331296.904   567556.072  4633134.056
