Receiver Clock                                              COMMENT
    30.00                                                   INTERVAL
                                                            END OF HEADER
ALGO 2016  1  1  0  0  0.000000    -49571.576654     -2.543717
ALGO 2016  1  1  0  0 30.000000    -49571.576654     -2.537985
ALGO 2016  1  1  0  1  0.000000    -49571.576654     -2.506751
ALGO 2016  1  1  0  1 30.000000    -49571.576654     -2.502668
ALGO 2016  1  1  0  2  0.000000    -49571.576654     -2.617536
ALGO 2016  1  1  0  2 30.000000    -49571.576654     -2.620996
ALGO 2016  1  1  0  3  0.000000    -49571.576654     -2.555970
ALGO 2016  1  1  0  3 30.000000    -49571.576654     -2.547144
ALGO 2016  1  1  0  4  0.000000    -49571.576654     -2.509545
ALGO 2016  1  1  0  4 30.000000    -49571.576654     -2.486204
ALGO 2016  1  1  0  5  0.000000    -49571.576654     -2.502111
ALGO 2016  1  1  0  5 30.000000    -49571.576654     -2.506589
ALGO 2016  1  1  0  6  0.000000    -49571.576654     -2.523172
ALGO 2016  1  1  0  6 30.000000    -49571.576654     -2.532801
ALGO 2016  1  1  0  7  0.000000    -49571.576654     -2.520219
ALGO 2016  1  1  0  7 30.000000    -49571.576654     -2.529676
ALGO 2016  1  1  0  8  0.000000    -49571.576654     -2.645900
ALGO 2016  1  1  0  8 30.000000    -49571.576654     -2.599854
ALGO 2016  1  1  0  9  0.000000    -49571.576654     -2.515913
ALGO 2016  1  1  0  9 30.000000    -49571.576654     -2.519087
ALGO 2016  1  1  0 10  0.000000    -49571.576654     -2.497646
ALGO 2016  1  1  0 10 30.000000    -49571.576654     -2.480982
ALGO 2016  1  1  0 11  0.000000    -49571.576654     -2.461322
ALGO 2016  1  1  0 11 30.000000    -49571.576654     -2.445520
ALGO 2016  1  1  0 12  0.000000    -49571.576654     -2.444179
ALGO 2016  1  1  0 12 30.000000    -49571.576654     -2.537269
ALGO 2016  1  1  0 13  0.000000    -49571.576654     -2.463538
ALGO 2016  1  1  0 13 30.000000    -49571.576654     -2.437256
ALGO 2016  1  1  0 14  0.000000    -49571.576654     -2.558348
ALGO 2016  1  1  0 14 30.000000    -49571.576654     -2.435635
ALGO 2016  1  1  0 15  0.000000    -49571.576654     -2.420214
ALGO 2016  1  1  0 15 30.000000    -49571.576654     -2.445847
ALGO 2016  1  1  0 16  0.000000    -49571.576654     -2.442267
ALGO 2016  1  1  0 16 30.000000    -49571.576654     -2.429444
ALGO 2016  1  1  0 17  0.000000    -49571.576654     -2.411777
ALGO 2016  1  1  0 17 30.000000    -49571.576654     -2.414472
ALGO 2016  1  1  0 18  0.000000    -49571.576654     -2.413068
ALGO 2016  1  1  0 18 30.000000    -49571.576654     -2.410667
ALGO 2016  1  1  0 19  0.000000    -49571.576654     -2.395853
ALGO 2016  1  1  0 19 30.000000    -49571.576654     -2.405963
ALGO 2016  1  1  0 20  0.000000    -49571.576654     -2.408284
ALGO 2016  1  1  0 20 30.000000    -49571.576654     -2.390035
ALGO 2016  1  1  0 21  0.000000    -49571.576654     -2.377442
ALGO 2016  1  1  0 21 30.000000    -49571.576654     -2.383581
ALGO 2016  1  1  0 22  0.000000    -49571.576654     -2.363813
ALGO 2016  1  1  0 22 30.000000    -49571.576654     -2.351694
ALGO 2016  1  1  0 23  0.000000    -49571.576654     -2.360582
ALGO 2016  1  1  0 23 30.000000    -49571.576654     -2.342167
ALGO 2016  1  1  0 24  0.000000    -49571.576654     -2.341134
ALGO 2016  1  1  0 24 30.000000    -49571.576654     -2.318775
ALGO 2016  1  1  0 25  0.000000    -49571.576654     -2.332806
ALGO 2016  1  1  0 25 30.000000    -49571.576654     -2.329099
ALGO 2016  1  1  0 26  0.000000    -49571.576654     -2.325101
ALGO 2016  1  1  0 26 30.000000    -49571.576654     -2.331756
ALGO 2016  1  1  0 27  0.000000    -49571.576654     -2.320728
ALGO 2016  1  1  0 27 30.000000    -49571.576654     -2.328643
ALGO 2016  1  1  0 28  0.000000    -49571.576654     -2.311450
ALGO 2016  1  1  0 28 30.000000    -49571.576654     -2.309852
ALGO 2016  1  1  0 29  0.000000    -49571.576654     -2.297809
ALGO 2016  1  1  0 29 30.000000    -49571.576654     -2.285612
ALGO 2016  1  1  0 30  0.000000    -49571.576654     -2.295501
ALGO 2016  1  1  0 30 30.000000    -49571.576654     -2.300840
ALGO 2016  1  1  0 31  0.000000    -49571.576654     -2.304777
ALGO 2016  1  1  0 31 30.000000    -49571.576654     -2.293788
ALGO 2016  1  1  0 32  0.000000    -49571.576654     -2.273717
ALGO 2016  1  1  0 32 30.000000    -49571.576654     -2.285341
ALGO 2016  1  1  0 33  0.000000    -49571.576654     -2.247725
ALGO 2016  1  1  0 33 30.000000    -49571.576654     -2.233730
ALGO 2016  1  1  0 34  0.000000    -49571.576654     -2.227601
ALGO 2016  1  1  0 34 30.000000    -49571.576654     -2.242382
ALGO 2016  1  1  0 35  0.000000    -49571.576654     -2.232403
ALGO 2016  1  1  0 35 30.000000    -49571.576654     -2.225927
ALGO 2016  1  1  0 36  0.000000    -49571.576654     -2.235601
ALGO 2016  1  1  0 36 30.000000    -49571.576654     -2.239142
ALGO 2016  1  1  0 37  0.000000    -49571.576654     -2.229013
ALGO 2016  1  1  0 37 30.000000    -49571.576654     -2.230007
ALGO 2016  1  1  0 38  0.000000    -49571.576654     -2.220795
ALGO 2016  1  1  0 38 30.000000    -49571.576654     -2.223642
ALGO 2016  1  1  0 39  0.000000    -49571.576654     -2.217557
ALGO 2016  1  1  0 39 30.000000    -49571.576654     -2.220625
ALGO 2016  1  1  0 40  0.000000    -49571.576654     -2.231728
ALGO 2016  1  1  0 40 30.000000    -49571.576654     -2.217058
ALGO 2016  1  1  0 41  0.000000    -49571.576654     -2.204460
ALGO 2016  1  1  0 41 30.000000    -49571.576654     -2.192115
ALGO 2016  1  1  0 42  0.000000    -49571.576654     -2.197188
ALGO 2016  1  1  0 42 30.000000    -49571.576654     -2.191394
ALGO 2016  1  1  0 43  0.000000    -49571.576654     -2.183537
ALGO 2016  1  1  0 43 30.000000    -49571.576654     -2.174579
ALGO 2016  1  1  0 44  0.000000    -49571.576654     -2.229129
ALGO 2016  1  1  0 44 30.000000    -49571.576654     -2.324626
ALGO 2016  1  1  0 45  0.000000    -49571.576654     -2.293929
ALGO 2016  1  1  0 45 30.000000    -49571.576654     -2.269507
ALGO 2016  1  1  0 46  0.000000    -49571.576654     -2.282668
ALGO 2016  1  1  0 46 30.000000    -49571.576654     -2.259378
ALGO 2016  1  1  0 47  0.000000    -49571.576654     -2.269274
ALGO 2016  1  1  0 47 30.000000    -49571.576654     -2.333788
ALGO 2016  1  1  0 48  0.000000    -49571.576654     -2.305931
ALGO 2016  1  1  0 48 30.000000    -49571.576654     -2.295791
ALGO 2016  1  1  0 49  0.000000    -49571.576654     -2.317133
ALGO 2016  1  1  0 49 30.000000    -49571.576654     -2.317320
ALGO 2016  1  1  0 50  0.000000    -49571.576654     -2.321590
ALGO 2016  1  1  0 50 30.000000    -49571.576654     -2.345134
ALGO 2016  1  1  0 51  0.000000    -49571.576654     -2.333200
ALGO 2016  1  1  0 51 30.000000    -49571.576654     -2.329521
ALGO 2016  1  1  0 52  0.000000    -49571.576654     -2.335269
ALGO 2016  1  1  0 52 30.000000    -49571.576654     -2.331764
ALGO 2016  1  1  0 53  0.000000    -49571.576654     -2.316767
ALGO 2016  1  1  0 53 30.000000    -49571.576654     -2.294677
ALGO 2016  1  1  0 54  0.000000    -49571.576654     -2.283290
ALGO 2016  1  1  0 54 30.000000    -49571.576654     -2.271462
ALGO 2016  1  1  0 55  0.000000    -49571.576654     -2.279042
ALGO 2016  1  1  0 55 30.000000    -49571.576654     -2.277035
ALGO 2016  1  1  0 56  0.000000    -49571.576654     -2.278523
ALGO 2016  1  1  0 56 30.000000    -49571.576654     -2.261519
ALGO 2016  1  1  0 57  0.000000    -49571.576654     -2.264010
ALGO 2016  1  1  0 57 30.000000    -49571.576654     -2.279560
ALGO 2016  1  1  0 58  0.000000    -49571.576654     -2.272179
ALGO 2016  1  1  0 58 30.000000    -49571.576654     -2.286070
ALGO 2016  1  1  0 59  0.000000    -49571.576654     -2.303699
ALGO 2016  1  1  0 59 30.000000    -49571.576654     -2.319607
