Receiver Clock                                              COMMENT
    30.00                                                   INTERVAL
                                                            END OF HEADER
ZIMM 2016  1  1  0  0  0.000000        11.519307    -11.207484
ZIMM 2016  1  1  0  0 30.000000        11.519307    -11.146288
ZIMM 2016  1  1  0  1  0.000000        11.519307    -11.039560
ZIMM 2016  1  1  0  1 30.000000        11.519307    -11.020884
ZIMM 2016  1  1  0  2  0.000000        11.519307    -11.117243
ZIMM 2016  1  1  0  2 30.000000        11.519307    -11.065616
ZIMM 2016  1  1  0  3  0.000000        11.519307    -10.986761
ZIMM 2016  1  1  0  3 30.000000        11.519307    -10.922111
ZIMM 2016  1  1  0  4  0.000000        11.519307    -10.893810
ZIMM 2016  1  1  0  4 30.000000        11.519307    -10.843877
ZIMM 2016  1  1  0  5  0.000000        11.519307    -10.832485
ZIMM 2016  1  1  0  5 30.000000        11.519307    -10.820307
ZIMM 2016  1  1  0  6  0.000000        11.519307    -10.853806
ZIMM 2016  1  1  0  6 30.000000        11.519307    -10.823114
ZIMM 2016  1  1  0  7  0.000000        11.519307    -10.765508
ZIMM 2016  1  1  0  7 30.000000        11.519307    -10.793181
ZIMM 2016  1  1  0  8  0.000000        11.519307    -10.913936
ZIMM 2016  1  1  0  8 30.000000        11.519307    -10.872051
ZIMM 2016  1  1  0  9  0.000000        11.519307    -10.810474
ZIMM 2016  1  1  0  9 30.000000        11.519307    -10.820386
ZIMM 2016  1  1  0 10  0.000000        11.519307    -10.817829
ZIMM 2016  1  1  0 10 30.000000        11.519307    -10.816473
ZIMM 2016  1  1  0 11  0.000000        11.519307    -10.795148
ZIMM 2016  1  1  0 11 30.000000        11.519307    -10.775272
ZIMM 2016  1  1  0 12  0.000000        11.519307    -10.804900
ZIMM 2016  1  1  0 12 30.000000        11.519307    -10.941956
ZIMM 2016  1  1  0 13  0.000000        11.519307    -10.907721
ZIMM 2016  1  1  0 13 30.000000        11.519307    -10.897038
ZIMM 2016  1  1  0 14  0.000000        11.519307    -11.014732
ZIMM 2016  1  1  0 14 30.000000        11.519307    -10.866527
ZIMM 2016  1  1  0 15  0.000000        11.519307    -10.848719
ZIMM 2016  1  1  0 15 30.000000        11.519307    -10.895619
ZIMM 2016  1  1  0 16  0.000000        11.519307    -10.923413
ZIMM 2016  1  1  0 16 30.000000        11.519307    -10.960263
ZIMM 2016  1  1  0 17  0.000000        11.519307    -10.932554
ZIMM 2016  1  1  0 17 30.000000        11.519307    -11.004992
ZIMM 2016  1  1  0 18  0.000000        11.519307    -10.999403
ZIMM 2016  1  1  0 18 30.000000        11.519307    -11.040458
ZIMM 2016  1  1  0 19  0.000000        11.519307    -11.004923
ZIMM 2016  1  1  0 19 30.000000        11.519307    -11.031557
ZIMM 2016  1  1  0 20  0.000000        11.519307    -11.055065
ZIMM 2016  1  1  0 20 30.000000        11.519307    -11.066049
ZIMM 2016  1  1  0 21  0.000000        11.519307    -11.102149
ZIMM 2016  1  1  0 21 30.000000        11.519307    -11.131216
ZIMM 2016  1  1  0 22  0.000000        11.519307    -11.101493
ZIMM 2016  1  1  0 22 30.000000        11.519307    -11.130440
ZIMM 2016  1  1  0 23  0.000000        11.519307    -11.137023
ZIMM 2016  1  1  0 23 30.000000        11.519307    -11.165041
ZIMM 2016  1  1  0 24  0.000000        11.519307    -11.164189
ZIMM 2016  1  1  0 24 30.000000        11.519307    -11.153855
ZIMM 2016  1  1  0 25  0.000000        11.519307    -11.180773
ZIMM 2016  1  1  0 25 30.000000        11.519307    -11.155378
ZIMM 2016  1  1  0 26  0.000000        11.519307    -11.162536
ZIMM 2016  1  1  0 26 30.000000        11.519307    -11.163794
ZIMM 2016  1  1  0 27  0.000000        11.519307    -11.126715
ZIMM 2016  1  1  0 27 30.000000        11.519307    -11.143942
ZIMM 2016  1  1  0 28  0.000000        11.519307    -11.134863
ZIMM 2016  1  1  0 28 30.000000        11.519307    -11.142679
ZIMM 2016  1  1  0 29  0.000000        11.519307    -11.136003
ZIMM 2016  1  1  0 29 30.000000        11.519307    -11.133705
ZIMM 2016  1  1  0 30  0.000000        11.519307    -11.128789
ZIMM 2016  1  1  0 30 30.000000        11.519307    -11.194074
ZIMM 2016  1  1  0 31  0.000000        11.519307    -11.212862
ZIMM 2016  1  1  0 31 30.000000        11.519307    -11.196371
ZIMM 2016  1  1  0 32  0.000000        11.519307    -11.185541
ZIMM 2016  1  1  0 32 30.000000        11.519307    -11.163462
ZIMM 2016  1  1  0 33  0.000000        11.519307    -11.122994
ZIMM 2016  1  1  0 33 30.000000        11.519307    -11.132553
ZIMM 2016  1  1  0 34  0.000000        11.519307    -11.143845
ZIMM 2016  1  1  0 34 30.000000        11.519307    -11.182080
ZIMM 2016  1  1  0 35  0.000000        11.519307    -11.174847
ZIMM 2016  1  1  0 35 30.000000        11.519307    -11.189968
ZIMM 2016  1  1  0 36  0.000000        11.519307    -11.183574
ZIMM 2016  1  1  0 36 30.000000        11.519307    -11.157341
ZIMM 2016  1  1  0 37  0.000000        11.519307    -11.109677
ZIMM 2016  1  1  0 37 30.000000        11.519307    -11.073545
ZIMM 2016  1  1  0 38  0.000000        11.519307    -11.043686
ZIMM 2016  1  1  0 38 30.000000        11.519307    -10.981657
ZIMM 2016  1  1  0 39  0.000000        11.519307    -10.979652
ZIMM 2016  1  1  0 39 30.000000        11.519307    -10.958651
ZIMM 2016  1  1  0 40  0.000000        11.519307    -10.977506
ZIMM 2016  1  1  0 40 30.000000        11.519307    -10.985500
ZIMM 2016  1  1  0 41  0.000000        11.519307    -10.985789
ZIMM 2016  1  1  0 41 30.000000        11.519307    -10.985194
ZIMM 2016  1  1  0 42  0.000000        11.519307    -10.997334
ZIMM 2016  1  1  0 42 30.000000        11.519307    -10.983280
ZIMM 2016  1  1  0 43  0.000000        11.519307    -10.985238
ZIMM 2016  1  1  0 43 30.000000        11.519307    -11.020516
ZIMM 2016  1  1  0 44  0.000000        11.519307    -11.078672
ZIMM 2016  1  1  0 44 30.000000        11.519307    -11.154268
ZIMM 2016  1  1  0 45  0.000000        11.519307    -11.127848
ZIMM 2016  1  1  0 45 30.000000        11.519307    -11.104682
ZIMM 2016  1  1  0 46  0.000000        11.519307    -11.130878
ZIMM 2016  1  1  0 46 30.000000        11.519307    -11.174910
ZIMM 2016  1  1  0 47  0.000000        11.519307    -11.177521
ZIMM 2016  1  1  0 47 30.000000        11.519307    -11.237436
ZIMM 2016  1  1  0 48  0.000000        11.519307    -11.208579
ZIMM 2016  1  1  0 48 30.000000        11.519307    -11.253367
ZIMM 2016  1  1  0 49  0.000000        11.519307    -11.337638
ZIMM 2016  1  1  0 49 30.000000        11.519307    -11.377081
ZIMM 2016  1  1  0 50  0.000000        11.519307    -11.425254
ZIMM 2016  1  1  0 50 30.000000        11.519307    -11.452900
ZIMM 2016  1  1  0 51  0.000000        11.519307    -11.451437
ZIMM 2016  1  1  0 51 30.000000        11.519307    -11.456789
ZIMM 2016  1  1  0 52  0.000000        11.519307    -11.490086
ZIMM 2016  1  1  0 52 30.000000        11.519307    -11.529657
ZIMM 2016  1  1  0 53  0.000000        11.519307    -11.557525
ZIMM 2016  1  1  0 53 30.000000        11.519307    -11.553614
ZIMM 2016  1  1  0 54  0.000000        11.519307    -11.573762
ZIMM 2016  1  1  0 54 30.000000        11.519307    -11.559601
ZIMM 2016  1  1  0 55  0.000000        11.519307    -11.601879
ZIMM 2016  1  1  0 55 30.000000        11.519307    -11.638038
ZIMM 2016  1  1  0 56  0.000000        11.519307    -11.670300
ZIMM 2016  1  1  0 56 30.000000        11.519307    -11.704262
ZIMM 2016  1  1  0 57  0.000000        11.519307    -11.737549
ZIMM 2016  1  1  0 57 30.000000        11.519307    -11.818163
ZIMM 2016  1  1  0 58  0.000000        11.519307    -11.807542
ZIMM 2016  1  1  0 58 30.000000        11.519307    -11.817935
ZIMM 2016  1  1  0 59  0.000000        11.519307    -11.840105
ZIMM 2016  1  1  0 59 30.000000        11.519307    -11.823411
