+RMS OF RESIDUALS---PHASE(MM)
NAME SUMM   1  2  3  5  6  7  8  9 10 11 12 13 14 15 16 17 18 19 20 21 22 23 24 25 26 27 28 29 30 31 32
ZIMM    6   0  5  0 12  0  0  0  0  0  0  6  0 14  0  0  0  0  0  0 10  0  0  0  2  4  0  0  2  0  2  0
NAME SUMM   1  2  3  5  6  7  8  9 10 11 12 13 14 15 16 17 18 19 20 21 22 23 24 25 26 27 28 29 30 31 32
-RMS OF RESIDUALS---PHASE(MM)
+TIME SERIES OF RESIDUALS---PHASE(MM)
 ZIMM   1  2  3  5  6  7  8  9 10 11 12 13 14 15 16 17 18 19 20 21 22 23 24 25 26 27 28 29 30 31 32
    1     -1                          1     5                                1-15       -4     4
    2     -1                          1     2                                0 -7       -2     3
    3      0                          1     6                  -14          -1-10       -2     3
    4     -2                          1    -5                   13           1  3       -1     1
    5      3                         -1    14                  -52          -2 -2        4    -5
    6      2                         -2     5                   -2           2 -6       -2     0
    7     -2                          2    -5                    9           1  3       -1     1
    8      0                         -1     6                                2-10       -5     3
    9      0                         -1   -11                   27           0  6        1     0
   10      0                         -2    -4                   22           4 -1       -4     2
   11      0                          1     6                  -19           0  1        1    -2
   12      0                          0    -5                   10          -1  0        0     1
   13      1                          0    -8                   14          -4  0        3     0
   14     -1                          2    -5                    1          -2  3        2     0
   15      2                          0    14                  -23          -1 -3        2    -3
   16     -5                          6   -22                   16          -4 12        3     1
   17     -5                          6   -14                    9          -2  5       -1     4
   18     -5                          6    -8                   -1          -1  4       -1     3
   19     -3                          3     4                  -15           2  5       -1    -1
   20      0                         -3   -14                   20           1  8        1    -2
   21      1                         -2    -7                   12           0  1        0     0
   22      4                         -3    29                  -30           2 -3        3    -6
   23     -5                          5   -30                   18          -2 16        3    -1
   24      4                         -3    12                   -6          -2 -5        3    -2
   25      1                          0     9                  -11          -1  2        3    -4
   26     -1                          0    -5                    2           0  3        1    -1
   27     -4                          6   -14                    4          -2  4       -1     2
   28     -3                          1    20                  -22           6  5       -1    -5
   29     -5                          9     3                  -15          -2  3        0     1
   30      3                         -5    18                   -8           3 -1        1    -4
   31      1                         -3    -2                    4           1  2        0    -2
   32      0                          2    33                  -26           0 -1        4    -5
   33      0                          2    -8                    4          -4 -1        2     2
   34     -2                          5    -7                   -2          -3  4        3    -1
   35      0                          0     8                   -5           1  0        0    -1
   36      0                         -2   -30                   18          -1  3       -1     2
   37      2                         -4    16                   -3           3 -4       -2     0
   38     -1                          0   -33                   15          -2  4        0     1
   39      4                         -5     5                    3           0 -4        0     0
   40      5                         -8    18                    0           2 -6       -2     0
   41      7                        -10    -2                   11           1 -4        0    -1
   42     -2                          2     8                   -5           1  1       -1     0
   43     -5                          2   -13                   -1           4  8       -1    -3
   44      0                          0     3                   -1           0  1        1    -1
   45      1                         -3    18                   -3           3 -2       -2     0
   46      0                          1                          0          -1 -2       -1     2
   47      8                        -10                         10          -1 -5        2     0
   48      5                         -4                          5          -4 -3        4    -2
   49     -1                          1                         -1           0  0       -1     1
   50     -2                          0                         -1           2  1       -3     1
   51      1                         -1                          1          -1  0        1    -1
   52      1                          2                          0          -3 -3        1     2
   53      2                         -3                          2           0 -1        1    -1
   54      6                        -10                          6           2 -3       -2     0
   55      4                         -9                          5           3 -1       -2     0
   56      5                         -5                          4          -2 -4        1     1
   57      2                          0                          1          -2 -2        1     2
   58      2                         -2                          1           0 -2       -1     2
   59      2                         -2                          1           0 -2       -2     2
   60      3                         -6                          3           2 -1       -1     0
   61      0                          1                          0           0  0        0     0
   62      0                          1                          0           0 -1       -1     2
   63      2                         -2                          1          -1 -2        0     1
   64      2                         -2                          2          -1 -2        1     0
   65      1                         -3                          1           1  0        0     0
   66      2                         -5                          1           2 -1       -3     1
   67      4                         -5                          2          -1 -2       -1     1
   68     -2   -16                    7                         -3           2  1       -3     1
   69     -2   -17                    6                         -2           1  2        0    -1
   70      0    -1                    1                          0           0 -1        0     1
   71     -1     8                   -3                          0           1  1        1    -1
   72     -2    23                    1                         -2          -1 -2       -1     3
   73     -2    -7                    4                         -2           2  1       -2     1
   74      0    18                   -7                          1           1  0        0    -1
   75      3   -17                    2                          1          -1 -1        1     0
   76     -5    -9                   10                         -2           0  2        1    -2
   77     -7    -2                   10                         -4           1  2       -1     0
   78     -1     6                    1                         -1          -1 -1        0     1
   79      2    11                   -4                          0           0 -2       -3     3
   80      7   -10                   -3                          2          -1 -3       -1     2
   81     -8    -8                   15                         -3           0  3        1    -1
   82     -1   -25                    8                         -2           2  2       -1    -1
   83     -4    -7                    4                         -1           2  3        0    -3
   84      1    -6                    0                          1          -1  1        2    -2
   85     -4    -1                   10                         -2          -2  1        2    -1
   86     -7    22                    4                         -2          -2  0        1     1
   87     -6     7                    9                         -1          -2  1        2    -1
   88     -2     6                    2                         -1          -1 -1        0     1
   89     -5    -7                   11                         -1          -1  2        2    -2
   90      3    -5                   -3                          0           1  0       -2     1
   91      3     3                    0                          1          -3 -2        1     2
   92     -5    10                    1                          0          -1  1        2    -1
   93     -8    15                    8                         -3           1  0       -3     4
   94     -2    21                   -5                          0          -2 -2        0     2
   95     -1    23                  -16                          1           0 -1        0     0
   96      3     8                   -7                          1          -1 -2       -1     2
   97      0    -7                    4                          0           0  0        0    -1
   98      6   -10                    5                          0          -1 -1        0     1
   99      3   -16                    8                         -1           2  0       -2     2
  100      3    -7                    8                         -1           0 -1       -2     3
  101      2   -10                   -2                          1           2  2        0    -3
  102     -2    -1                    0                          1           0  1        2    -3
  103     -5    17                   -1                         -1          -1 -1        0     2
  104     -3    11                   -4                          1          -2  0        2    -1
  105     -7    18                    0                          1          -4 -1        3     0
  106     -3    10                   -7                          0           1  0       -1     1
  107      7    -4                  -19                          2           2  0       -1    -2
  108      5   -14                   -2                         -1           5  1       -4     1
  109     -1   -11                   13                         -2           2  1       -2     0
  110     -8    -2                   12                         -1           0  2        1    -2
  111     -3     0                  -17                          1           4  2       -1    -3
  112     10    -8                  -17                          2           2  0       -1    -1
  113      2   -14                   15                          0          -1  1        2    -3
  114    -14     6                   13                          0          -1  2        2    -3
  115    -16    24                   -6                         -1          -1  0        0     2
  116     20     4                  -17                          3          -5 -5        2     3
  117     13    -7                    2                          1          -2 -2        1     1
  118     -2   -13                    6                          0           3  3       -1    -3
  119     -1    -9                    8                         -1           3  2       -1    -1
  120      6    -2                   -3                          1          -1 -1        0     0
 ZIMM   1  2  3  5  6  7  8  9 10 11 12 13 14 15 16 17 18 19 20 21 22 23 24 25 26 27 28 29 30 31 32
-TIME SERIES OF RESIDUALS---PHASE(MM)
