+RMS OF RESIDUALS---PHASE(MM)
NAME SUMM   1  2  3  5  6  7  8  9 10 11 12 13 14 15 16 17 18 19 20 21 22 23 24 25 26 27 28 29 30 31 32
ALGO    4   0  0  3  0  0  0  0 10  0  0  0  0  8  0  2  0  0  0  0  0  0  2  0  0  2  0  0  3  0  2  3
NAME SUMM   1  2  3  5  6  7  8  9 10 11 12 13 14 15 16 17 18 19 20 21 22 23 24 25 26 27 28 29 30 31 32
-RMS OF RESIDUALS---PHASE(MM)
+TIME SERIES OF RESIDUALS---PHASE(MM)
 ALGO   1  2  3  5  6  7  8  9 10 11 12 13 14 15 16 17 18 19 20 21 22 23 24 25 26 27 28 29 30 31 32
    1         7                             3     0                   -5       -4       -1     2 -2
    2         2                            -5     3                   -2       -3        2     1 -1
    3         1                             1     4                    0       -3       -2     3 -3
    4        -1                            -1     3                    0       -5       -3     4  0
    5        -1                             3     0                    0       -3       -5     4  1
    6         3                             5    -1                   -2       -1       -2     1 -1
    7         2                            13    -3                    1        0       -7     2 -2
    8         2                            -2    -3                   -3       -1        2     1  3
    9         1                            -1     1                   -1       -2        0     1  0
   10        -2                            -3     4                    1        0        1     0 -2
   11        -1                             0     2                    1        0        0    -1 -2
   12        -6                            -2     2                    3        2        0    -2  0
   13         2                             1     0                   -1        0        0     0 -1
   14        -1                             1     0                    1       -1       -2     2  1
   15        -2                           -10     3                    0       -2        3     0  2
   16         1                            -1     0                   -1       -2       -1     2  1
   17        -3                           -14     0                   -1       -3        2     3  6
   18         0                            -6     2                   -1       -5       -1     4  2
   19        -1                            -1     0                    0       -2       -1     2  1
   20         4                             8    -2                   -2       -2       -4     3 -1
   21         3                             2     0                   -2       -2       -1     2 -1
   22        -1                             1     4                    1        1        1    -2 -3
   23        -1                            -3     1                    0        0        1    -1  0
   24         2                             1     0                   -1       -2       -1     2 -1
   25        -3                             8     4                    3       -2       -4     1 -3
   26        -3                           -25    -1                   -2       -1        7     0  7
   27         5                             2    -2                   -3       -1       -1     2 -1
   28         2                             0     4                   -1       -2        1     0 -3
   29         1                             0     1                    0        0        1    -1 -2
   30         2                             6     3                    0       -2       -1     1 -4
   31         2                             6     0                   -1       -1       -2     2 -2
   32         2                             4     1                   -1       -2       -2     2 -2
   33         1                             9    -1                    0        0       -3     1 -1
   34        -2                           -15     5                    0       -3        3     0  0
   35        -3                            -1     0                    2        2        1    -2  1
   36         2                             9     0                    0        2        2    -3 -3
   37         3                            -1     1                   -2        3        5    -5 -2
   38         2                            21     0                    0        2       -2    -2 -5
   39        -2                            -4     2                    1        0        2    -2  0
   40         3                             7    -3                   -1        3        1    -2 -1
   41         2                             9     5                    0       -3        0     0 -5
   42         2                            -6     1                   -2        0        3    -1 -1
   43         1                            -5     1                   -1        0        3    -2 -1
   44         0                           -11     2                   -1       -2        1     1  0
   45         1                           -10    -2                   -1        0        0     1  2
   46        -2                           -16    -4                    0        2        0     1  6
   47        -3                            -1    -4                    2        2       -2     1  4
   48        -2                            -5    -5                    1        2       -2     1  5
   49        -2                             1    -6                    1        5       -1    -1  5
   50        -2                             8    -1                    2        2       -1    -1  1
   51         0                            12     1                    1        1        1    -2 -2
   52        -2                            12    -1                    2        2       -1    -1  1
   53         0                             5     3                    0        0        2    -2 -2
   54         2                                  -2                   -1        0       -1     1  0
   55         2                                   0                   -1       -1        0     1 -2
   56        -2                                  -2                    2        1       -2     1  3
   57        -4                                  -3                    2        3       -1    -1  4
   58        -6                                  -1                    3        3        1    -4  5
   59        -3                                  -1                    2        2        1    -2  3
   60        -2                                  -3                    1        3        1    -3  2
   61         0                                  -2                    0        2        0    -1  1
   62        -1                                   4                    0       -1        3    -3 -1
   63        -3                                   2                    2       -1        2    -2  1
   64        -3                                   3                    1        1        5    -5  1
   65        -2                                  -1                    0        3        4    -5  1
   66         2                                  -3                   -1        2        0     0  0
   67         2                                  -1                   -1        2        3    -2 -1
   68         2                                  -4                   -1        1       -3     2  0
   69         1                                   0                   -2        3        5    -5 -1
   70        -4                                  -1                    2        2        0    -2  4
   71        -3                                   0                    2        0       -1     0  3
   72        -2                                   2                    0        2        6    -5  1
   73        -4                                   3                    2       -1        3    -3  2
   74         0                                   3                    0       -2        2    -1 -2
   75        -3                                   2                    1        1        4    -4  2
   76        -3                                   1                    2       -1       -2     1  3
   77         1                                   0                   -1        1        2    -1 -1
   78         1            -10                   -2                    1        0        0     1  1
   79         3              2                   -2                   -1       -1       -5     4 -2
   80        -4              3                   -1                    2        0       -2     0  5
   81        -1             -7                    1                    2       -1        1     0  1
   82        -2             35                    3                   -5        2       -3    -1 -1
   83         0             15                    0                   -3        3       -1    -1 -1
   84         0             -2                   -2                    0        2        0    -1  1
   85         8              0                   -4                   -4        2       -1     2 -6
   86         3             -5                    1                   -2        0        4    -2 -4
   87         2             -7                   -2                    1        0        0     1 -1
   88         1            -10                   -4                    1        3        2    -2  2
   89        -3              6                   -1                    1        1       -4     1  4
   90        -1             -4                    2                    1       -1        3    -2  1
   91        -4             -7                   -2                    3        2        2    -2  7
   92         0             14                   -2                   -3        4       -5     1  1
   93         0             -1                    2                   -1        0        5    -3 -1
   94         4              3                   -4                   -3        4       -2     1 -3
   95         4              5                    0                   -3        0       -3     3 -7
   96        -1              6                    1                   -1        1       -2     0  0
   97         0              9                    0                   -2        1       -5     2 -2
   98        -3             20                    3                   -5        3       -3    -1  1
   99         1              8                   -1                   -3        3       -1    -1 -1
  100         3            -14                   -3                    3       -1        3     0 -2
  101         0             -7                   -4                    2        2        1    -1  5
  102        -1            -19                   -1                    7       -3        6    -1  5
  103        -2            -15                   -3                    6       -1        4    -2  8
  104         4            -13                   -2                    3       -2        3     1 -5
  105         4             -9                   -2                    3       -2       -1     3 -5
  106         2              2                    0                   -2        0        0     0 -4
  107         3             -8                   -3                    4       -3       -4     5 -4
  108         5              1                    1                   -3       -1        0     2-10
  109        -1              9                    2                   -3        0       -3     1 -1
  110         0              2                    1                   -2        0        1     0 -2
  111         0              9                    1                   -3        1       -6     2 -2
  112        -3             10                    0                   -1        1       -8     3  3
  113        -2              7                    0                    0        0       -7     2  3
  114        -4             -2                   -1                    3        0       -2     0  8
  115         1             -3                   -3                    2        0       -3     2 -1
  116         0             -6                    1                    2       -2        5    -1  1
  117         1            -12                   -2                    5       -1        6    -1  2
  118        -1              0                    3                    0       -4        0     1 -3
  119         3              0                    4                   -1       -4        1     2-12
  120         2              8                    2                   -3       -1       -7     3-10
 ALGO   1  2  3  5  6  7  8  9 10 11 12 13 14 15 16 17 18 19 20 21 22 23 24 25 26 27 28 29 30 31 32
-TIME SERIES OF RESIDUALS---PHASE(MM)
