ZIMM   2            -48.641697            -32.562161  57388.0000000000  57388.0413194444   0.0244   0.0269  20.7
ZIMM  12            -16.913654            -31.525119  57388.0000000000  57388.0413194444   0.0335   0.0306  18.3
ZIMM  14             21.637659             -6.676704  57388.0000000000  57388.0152777778   0.0674   0.0734  13.9
ZIMM  25              0.150371            -38.569767  57388.0000000000  57388.0298611111   0.0098   0.0162  60.9
ZIMM  26              1.324153            -33.714947  57388.0000000000  57388.0413194444   0.0201   0.0283  23.6
ZIMM  29             11.615376            -15.557532  57388.0000000000  57388.0413194444   0.0093   0.0126  82.4
ZIMM  31              9.861159             -8.574864  57388.0000000000  57388.0298611111   0.0100   0.0156  56.3
ZIMM  21             21.776294            -11.805636  57388.0076388889  57388.0298611111   0.0360   0.0396  18.5
ZIMM   5              9.037824            -12.609124  57388.0232638889  57388.0413194444   0.0642   0.0739   9.7
ZIMM  21             21.726566            -11.667655  57388.0302083333  57388.0413194444   0.0060   0.0476  29.5
ZIMM  25              0.151656            -38.526005  57388.0302083333  57388.0413194444   0.0112   0.0248  49.1
ZIMM  31              9.846744             -8.504680  57388.0302083333  57388.0413194444   0.0107   0.0308  59.9
