Receiver Clock                                              COMMENT
    30.00                                                   INTERVAL
                                                            END OF HEADER
ZIMM 2016  1  1  0  0  0.000000        11.519307    -11.230686
ZIMM 2016  1  1  0  0 30.000000        11.519307    -11.169359
ZIMM 2016  1  1  0  1  0.000000        11.519307    -11.062503
ZIMM 2016  1  1  0  1 30.000000        11.519307    -11.043702
ZIMM 2016  1  1  0  2  0.000000        11.519307    -11.139939
ZIMM 2016  1  1  0  2 30.000000        11.519307    -11.088193
ZIMM 2016  1  1  0  3  0.000000        11.519307    -11.009223
ZIMM 2016  1  1  0  3 30.000000        11.519307    -10.944460
ZIMM 2016  1  1  0  4  0.000000        11.519307    -10.916049
ZIMM 2016  1  1  0  4 30.000000        11.519307    -10.866010
ZIMM 2016  1  1  0  5  0.000000        11.519307    -10.854514
ZIMM 2016  1  1  0  5 30.000000        11.519307    -10.842236
ZIMM 2016  1  1  0  6  0.000000        11.519307    -10.875638
ZIMM 2016  1  1  0  6 30.000000        11.519307    -10.844852
ZIMM 2016  1  1  0  7  0.000000        11.519307    -10.787155
ZIMM 2016  1  1  0  7 30.000000        11.519307    -10.814742
ZIMM 2016  1  1  0  8  0.000000        11.519307    -10.935413
ZIMM 2016  1  1  0  8 30.000000        11.519307    -10.893446
ZIMM 2016  1  1  0  9  0.000000        11.519307    -10.831791
ZIMM 2016  1  1  0  9 30.000000        11.519307    -10.841629
ZIMM 2016  1  1  0 10  0.000000        11.519307    -10.839001
ZIMM 2016  1  1  0 10 30.000000        11.519307    -10.837576
ZIMM 2016  1  1  0 11  0.000000        11.519307    -10.815729
ZIMM 2016  1  1  0 11 30.000000        11.519307    -10.795723
ZIMM 2016  1  1  0 12  0.000000        11.519307    -10.825220
ZIMM 2016  1  1  0 12 30.000000        11.519307    -10.962146
ZIMM 2016  1  1  0 13  0.000000        11.519307    -10.927782
ZIMM 2016  1  1  0 13 30.000000        11.519307    -10.916969
ZIMM 2016  1  1  0 14  0.000000        11.519307    -11.034534
ZIMM 2016  1  1  0 14 30.000000        11.519307    -10.886199
ZIMM 2016  1  1  0 15  0.000000        11.519307    -10.868261
ZIMM 2016  1  1  0 15 30.000000        11.519307    -10.915032
ZIMM 2016  1  1  0 16  0.000000        11.519307    -10.942697
ZIMM 2016  1  1  0 16 30.000000        11.519307    -10.979417
ZIMM 2016  1  1  0 17  0.000000        11.519307    -10.951579
ZIMM 2016  1  1  0 17 30.000000        11.519307    -11.023888
ZIMM 2016  1  1  0 18  0.000000        11.519307    -11.018169
ZIMM 2016  1  1  0 18 30.000000        11.519307    -11.059095
ZIMM 2016  1  1  0 19  0.000000        11.519307    -11.023430
ZIMM 2016  1  1  0 19 30.000000        11.519307    -11.049934
ZIMM 2016  1  1  0 20  0.000000        11.519307    -11.073312
ZIMM 2016  1  1  0 20 30.000000        11.519307    -11.084166
ZIMM 2016  1  1  0 21  0.000000        11.519307    -11.120135
ZIMM 2016  1  1  0 21 30.000000        11.519307    -11.149072
ZIMM 2016  1  1  0 22  0.000000        11.519307    -11.119217
ZIMM 2016  1  1  0 22 30.000000        11.519307    -11.145707
ZIMM 2016  1  1  0 23  0.000000        11.519307    -11.152103
ZIMM 2016  1  1  0 23 30.000000        11.519307    -11.179937
ZIMM 2016  1  1  0 24  0.000000        11.519307    -11.178902
ZIMM 2016  1  1  0 24 30.000000        11.519307    -11.168389
ZIMM 2016  1  1  0 25  0.000000        11.519307    -11.195130
ZIMM 2016  1  1  0 25 30.000000        11.519307    -11.169559
ZIMM 2016  1  1  0 26  0.000000        11.519307    -11.176545
ZIMM 2016  1  1  0 26 30.000000        11.519307    -11.177631
ZIMM 2016  1  1  0 27  0.000000        11.519307    -11.140383
ZIMM 2016  1  1  0 27 30.000000        11.519307    -11.157442
ZIMM 2016  1  1  0 28  0.000000        11.519307    -11.148198
ZIMM 2016  1  1  0 28 30.000000        11.519307    -11.155849
ZIMM 2016  1  1  0 29  0.000000        11.519307    -11.149011
ZIMM 2016  1  1  0 29 30.000000        11.519307    -11.146553
ZIMM 2016  1  1  0 30  0.000000        11.519307    -11.141476
ZIMM 2016  1  1  0 30 30.000000        11.519307    -11.206603
ZIMM 2016  1  1  0 31  0.000000        11.519307    -11.225235
ZIMM 2016  1  1  0 31 30.000000        11.519307    -11.208587
ZIMM 2016  1  1  0 32  0.000000        11.519307    -11.197603
ZIMM 2016  1  1  0 32 30.000000        11.519307    -11.175371
ZIMM 2016  1  1  0 33  0.000000        11.519307    -11.134749
ZIMM 2016  1  1  0 33 30.000000        11.519307    -11.142986
ZIMM 2016  1  1  0 34  0.000000        11.519307    -11.154173
ZIMM 2016  1  1  0 34 30.000000        11.519307    -11.192305
ZIMM 2016  1  1  0 35  0.000000        11.519307    -11.184969
ZIMM 2016  1  1  0 35 30.000000        11.519307    -11.199987
ZIMM 2016  1  1  0 36  0.000000        11.519307    -11.193492
ZIMM 2016  1  1  0 36 30.000000        11.519307    -11.167158
ZIMM 2016  1  1  0 37  0.000000        11.519307    -11.119392
ZIMM 2016  1  1  0 37 30.000000        11.519307    -11.083161
ZIMM 2016  1  1  0 38  0.000000        11.519307    -11.053201
ZIMM 2016  1  1  0 38 30.000000        11.519307    -10.991073
ZIMM 2016  1  1  0 39  0.000000        11.519307    -10.988968
ZIMM 2016  1  1  0 39 30.000000        11.519307    -10.967867
ZIMM 2016  1  1  0 40  0.000000        11.519307    -10.986622
ZIMM 2016  1  1  0 40 30.000000        11.519307    -10.994517
ZIMM 2016  1  1  0 41  0.000000        11.519307    -10.994706
ZIMM 2016  1  1  0 41 30.000000        11.519307    -10.994012
ZIMM 2016  1  1  0 42  0.000000        11.519307    -11.006052
ZIMM 2016  1  1  0 42 30.000000        11.519307    -10.991897
ZIMM 2016  1  1  0 43  0.000000        11.519307    -10.993754
ZIMM 2016  1  1  0 43 30.000000        11.519307    -11.025196
ZIMM 2016  1  1  0 44  0.000000        11.519307    -11.083241
ZIMM 2016  1  1  0 44 30.000000        11.519307    -11.158724
ZIMM 2016  1  1  0 45  0.000000        11.519307    -11.132192
ZIMM 2016  1  1  0 45 30.000000        11.519307    -11.108911
ZIMM 2016  1  1  0 46  0.000000        11.519307    -11.134991
ZIMM 2016  1  1  0 46 30.000000        11.519307    -11.178906
ZIMM 2016  1  1  0 47  0.000000        11.519307    -11.181398
ZIMM 2016  1  1  0 47 30.000000        11.519307    -11.241191
ZIMM 2016  1  1  0 48  0.000000        11.519307    -11.212211
ZIMM 2016  1  1  0 48 30.000000        11.519307    -11.256873
ZIMM 2016  1  1  0 49  0.000000        11.519307    -11.341017
ZIMM 2016  1  1  0 49 30.000000        11.519307    -11.380330
ZIMM 2016  1  1  0 50  0.000000        11.519307    -11.428371
ZIMM 2016  1  1  0 50 30.000000        11.519307    -11.455883
ZIMM 2016  1  1  0 51  0.000000        11.519307    -11.454282
ZIMM 2016  1  1  0 51 30.000000        11.519307    -11.459494
ZIMM 2016  1  1  0 52  0.000000        11.519307    -11.492648
ZIMM 2016  1  1  0 52 30.000000        11.519307    -11.532074
ZIMM 2016  1  1  0 53  0.000000        11.519307    -11.559792
ZIMM 2016  1  1  0 53 30.000000        11.519307    -11.555728
ZIMM 2016  1  1  0 54  0.000000        11.519307    -11.575718
ZIMM 2016  1  1  0 54 30.000000        11.519307    -11.561395
ZIMM 2016  1  1  0 55  0.000000        11.519307    -11.603507
ZIMM 2016  1  1  0 55 30.000000        11.519307    -11.639497
ZIMM 2016  1  1  0 56  0.000000        11.519307    -11.671584
ZIMM 2016  1  1  0 56 30.000000        11.519307    -11.705366
ZIMM 2016  1  1  0 57  0.000000        11.519307    -11.738469
ZIMM 2016  1  1  0 57 30.000000        11.519307    -11.818893
ZIMM 2016  1  1  0 58  0.000000        11.519307    -11.808077
ZIMM 2016  1  1  0 58 30.000000        11.519307    -11.818268
ZIMM 2016  1  1  0 59  0.000000        11.519307    -11.840232
ZIMM 2016  1  1  0 59 30.000000        11.519307    -11.823325
