Receiver Clock                                              COMMENT
    30.00                                                   INTERVAL
                                                            END OF HEADER
ALGO 2016  1  1  0  0  0.000000    -49571.576654     -2.528559
ALGO 2016  1  1  0  0 30.000000    -49571.576654     -2.522825
ALGO 2016  1  1  0  1  0.000000    -49571.576654     -2.491585
ALGO 2016  1  1  0  1 30.000000    -49571.576654     -2.487492
ALGO 2016  1  1  0  2  0.000000    -49571.576654     -2.602348
ALGO 2016  1  1  0  2 30.000000    -49571.576654     -2.605792
ALGO 2016  1  1  0  3  0.000000    -49571.576654     -2.540747
ALGO 2016  1  1  0  3 30.000000    -49571.576654     -2.531898
ALGO 2016  1  1  0  4  0.000000    -49571.576654     -2.494275
ALGO 2016  1  1  0  4 30.000000    -49571.576654     -2.470905
ALGO 2016  1  1  0  5  0.000000    -49571.576654     -2.486782
ALGO 2016  1  1  0  5 30.000000    -49571.576654     -2.491220
ALGO 2016  1  1  0  6  0.000000    -49571.576654     -2.507761
ALGO 2016  1  1  0  6 30.000000    -49571.576654     -2.517345
ALGO 2016  1  1  0  7  0.000000    -49571.576654     -2.504717
ALGO 2016  1  1  0  7 30.000000    -49571.576654     -2.514127
ALGO 2016  1  1  0  8  0.000000    -49571.576654     -2.630302
ALGO 2016  1  1  0  8 30.000000    -49571.576654     -2.584207
ALGO 2016  1  1  0  9  0.000000    -49571.576654     -2.500215
ALGO 2016  1  1  0  9 30.000000    -49571.576654     -2.503338
ALGO 2016  1  1  0 10  0.000000    -49571.576654     -2.481845
ALGO 2016  1  1  0 10 30.000000    -49571.576654     -2.465129
ALGO 2016  1  1  0 11  0.000000    -49571.576654     -2.445416
ALGO 2016  1  1  0 11 30.000000    -49571.576654     -2.429562
ALGO 2016  1  1  0 12  0.000000    -49571.576654     -2.428168
ALGO 2016  1  1  0 12 30.000000    -49571.576654     -2.521206
ALGO 2016  1  1  0 13  0.000000    -49571.576654     -2.447424
ALGO 2016  1  1  0 13 30.000000    -49571.576654     -2.421091
ALGO 2016  1  1  0 14  0.000000    -49571.576654     -2.542133
ALGO 2016  1  1  0 14 30.000000    -49571.576654     -2.419370
ALGO 2016  1  1  0 15  0.000000    -49571.576654     -2.403902
ALGO 2016  1  1  0 15 30.000000    -49571.576654     -2.429488
ALGO 2016  1  1  0 16  0.000000    -49571.576654     -2.425864
ALGO 2016  1  1  0 16 30.000000    -49571.576654     -2.412998
ALGO 2016  1  1  0 17  0.000000    -49571.576654     -2.395290
ALGO 2016  1  1  0 17 30.000000    -49571.576654     -2.397947
ALGO 2016  1  1  0 18  0.000000    -49571.576654     -2.396508
ALGO 2016  1  1  0 18 30.000000    -49571.576654     -2.394073
ALGO 2016  1  1  0 19  0.000000    -49571.576654     -2.379228
ALGO 2016  1  1  0 19 30.000000    -49571.576654     -2.389311
ALGO 2016  1  1  0 20  0.000000    -49571.576654     -2.391608
ALGO 2016  1  1  0 20 30.000000    -49571.576654     -2.373338
ALGO 2016  1  1  0 21  0.000000    -49571.576654     -2.360721
ALGO 2016  1  1  0 21 30.000000    -49571.576654     -2.366840
ALGO 2016  1  1  0 22  0.000000    -49571.576654     -2.347054
ALGO 2016  1  1  0 22 30.000000    -49571.576654     -2.334922
ALGO 2016  1  1  0 23  0.000000    -49571.576654     -2.343799
ALGO 2016  1  1  0 23 30.000000    -49571.576654     -2.325378
ALGO 2016  1  1  0 24  0.000000    -49571.576654     -2.324341
ALGO 2016  1  1  0 24 30.000000    -49571.576654     -2.301982
ALGO 2016  1  1  0 25  0.000000    -49571.576654     -2.316018
ALGO 2016  1  1  0 25 30.000000    -49571.576654     -2.312319
ALGO 2016  1  1  0 26  0.000000    -49571.576654     -2.308334
ALGO 2016  1  1  0 26 30.000000    -49571.576654     -2.316696
ALGO 2016  1  1  0 27  0.000000    -49571.576654     -2.305671
ALGO 2016  1  1  0 27 30.000000    -49571.576654     -2.313589
ALGO 2016  1  1  0 28  0.000000    -49571.576654     -2.296395
ALGO 2016  1  1  0 28 30.000000    -49571.576654     -2.294797
ALGO 2016  1  1  0 29  0.000000    -49571.576654     -2.282751
ALGO 2016  1  1  0 29 30.000000    -49571.576654     -2.270550
ALGO 2016  1  1  0 30  0.000000    -49571.576654     -2.280433
ALGO 2016  1  1  0 30 30.000000    -49571.576654     -2.285765
ALGO 2016  1  1  0 31  0.000000    -49571.576654     -2.289693
ALGO 2016  1  1  0 31 30.000000    -49571.576654     -2.278694
ALGO 2016  1  1  0 32  0.000000    -49571.576654     -2.258612
ALGO 2016  1  1  0 32 30.000000    -49571.576654     -2.270223
ALGO 2016  1  1  0 33  0.000000    -49571.576654     -2.232593
ALGO 2016  1  1  0 33 30.000000    -49571.576654     -2.218582
ALGO 2016  1  1  0 34  0.000000    -49571.576654     -2.212436
ALGO 2016  1  1  0 34 30.000000    -49571.576654     -2.227200
ALGO 2016  1  1  0 35  0.000000    -49571.576654     -2.217201
ALGO 2016  1  1  0 35 30.000000    -49571.576654     -2.210705
ALGO 2016  1  1  0 36  0.000000    -49571.576654     -2.220357
ALGO 2016  1  1  0 36 30.000000    -49571.576654     -2.223875
ALGO 2016  1  1  0 37  0.000000    -49571.576654     -2.213721
ALGO 2016  1  1  0 37 30.000000    -49571.576654     -2.214689
ALGO 2016  1  1  0 38  0.000000    -49571.576654     -2.205451
ALGO 2016  1  1  0 38 30.000000    -49571.576654     -2.205851
ALGO 2016  1  1  0 39  0.000000    -49571.576654     -2.199841
ALGO 2016  1  1  0 39 30.000000    -49571.576654     -2.202986
ALGO 2016  1  1  0 40  0.000000    -49571.576654     -2.214165
ALGO 2016  1  1  0 40 30.000000    -49571.576654     -2.199571
ALGO 2016  1  1  0 41  0.000000    -49571.576654     -2.187048
ALGO 2016  1  1  0 41 30.000000    -49571.576654     -2.174779
ALGO 2016  1  1  0 42  0.000000    -49571.576654     -2.179926
ALGO 2016  1  1  0 42 30.000000    -49571.576654     -2.174206
ALGO 2016  1  1  0 43  0.000000    -49571.576654     -2.166422
ALGO 2016  1  1  0 43 30.000000    -49571.576654     -2.157537
ALGO 2016  1  1  0 44  0.000000    -49571.576654     -2.212160
ALGO 2016  1  1  0 44 30.000000    -49571.576654     -2.307727
ALGO 2016  1  1  0 45  0.000000    -49571.576654     -2.277100
ALGO 2016  1  1  0 45 30.000000    -49571.576654     -2.252749
ALGO 2016  1  1  0 46  0.000000    -49571.576654     -2.265977
ALGO 2016  1  1  0 46 30.000000    -49571.576654     -2.242756
ALGO 2016  1  1  0 47  0.000000    -49571.576654     -2.252718
ALGO 2016  1  1  0 47 30.000000    -49571.576654     -2.317297
ALGO 2016  1  1  0 48  0.000000    -49571.576654     -2.289505
ALGO 2016  1  1  0 48 30.000000    -49571.576654     -2.279433
ALGO 2016  1  1  0 49  0.000000    -49571.576654     -2.300841
ALGO 2016  1  1  0 49 30.000000    -49571.576654     -2.301093
ALGO 2016  1  1  0 50  0.000000    -49571.576654     -2.305429
ALGO 2016  1  1  0 50 30.000000    -49571.576654     -2.329037
ALGO 2016  1  1  0 51  0.000000    -49571.576654     -2.317168
ALGO 2016  1  1  0 51 30.000000    -49571.576654     -2.313552
ALGO 2016  1  1  0 52  0.000000    -49571.576654     -2.319364
ALGO 2016  1  1  0 52 30.000000    -49571.576654     -2.315922
ALGO 2016  1  1  0 53  0.000000    -49571.576654     -2.300988
ALGO 2016  1  1  0 53 30.000000    -49571.576654     -2.278961
ALGO 2016  1  1  0 54  0.000000    -49571.576654     -2.267636
ALGO 2016  1  1  0 54 30.000000    -49571.576654     -2.255871
ALGO 2016  1  1  0 55  0.000000    -49571.576654     -2.263513
ALGO 2016  1  1  0 55 30.000000    -49571.576654     -2.261568
ALGO 2016  1  1  0 56  0.000000    -49571.576654     -2.263118
ALGO 2016  1  1  0 56 30.000000    -49571.576654     -2.246176
ALGO 2016  1  1  0 57  0.000000    -49571.576654     -2.248729
ALGO 2016  1  1  0 57 30.000000    -49571.576654     -2.264340
ALGO 2016  1  1  0 58  0.000000    -49571.576654     -2.257023
ALGO 2016  1  1  0 58 30.000000    -49571.576654     -2.270976
ALGO 2016  1  1  0 59  0.000000    -49571.576654     -2.288668
ALGO 2016  1  1  0 59 30.000000    -49571.576654     -2.304639
