Residuals                                                   COMMENT
        31                                                  # OF SIT / SAT
       492      1872                                        # OF UNKNOWN / OBS
     1.293                                                  WEIGHTED SIGMA (CYCLE)
ALGO                                                        STATION LIST
G 1 G 2 G 3 G 5 G 6 G 7 G 8 G 9 G10 G11 G12 G13 G14 G15 G16 SATELLITE LIST
G17 G18 G19 G20 G21 G22 G23 G24 G25 G26 G27 G28 G29 G30 G31 SATELLITE LIST
G32                                                         SATELLITE LIST
     30.00                LCPC                              INT / OBS TYPE
 2016  1  1  0  0  0.0000000     3570.00                    TIME BEG/LEN
                                                            END OF HEADER
TIM 2016  1  1  0 59 30.0000000  57388   3570.00
  1 31    -0.051    14.496  0.34155071D+04  0.49319923D-03  0  14.356 -157.271
  1 30     0.018     2.574  0.13888889D+05  0.20055556D-02  0  35.302   82.275
  1 28    -0.037    18.866  0.54828442D+04  0.79172271D-03  0  18.310   42.380
  1 25    -0.006     2.283  0.13888889D+05  0.20055556D-02  0  73.373   69.007
  1 22    -0.018    -1.565  0.13888889D+05  0.20055556D-02  0  51.877  -60.496
  1 15     0.010    -2.129  0.13888889D+05  0.20055556D-02  0  70.921 -156.742
  1  8     0.042     6.218  0.52706597D+04  0.76108327D-03  0  17.940  -47.203
  1  3     0.010   -10.780  0.10765415D+05  0.15545260D-02  0  26.117 -123.697
TIM 2016  1  1  0 59  0.0000000  57388   3540.00
  1 31    -0.065     1.339  0.35060230D+04  0.50626972D-03  0  14.549 -157.182
  1 30     0.010     0.079  0.13888889D+05  0.20055556D-02  0  35.480   82.109
  1 28     0.005     3.961  0.55423262D+04  0.80031190D-03  0  18.412   42.561
  1 25    -0.023     0.924  0.13888889D+05  0.20055556D-02  0  73.569   69.481
  1 22    -0.007    -3.895  0.13888889D+05  0.20055556D-02  0  51.685  -60.326
  1 15     0.020    -2.641  0.13888889D+05  0.20055556D-02  0  70.659 -156.770
  1  8     0.001   -20.609  0.51597494D+04  0.74506782D-03  0  17.743  -47.197
  1  3     0.018     2.310  0.10897183D+05  0.15735532D-02  0  26.288 -123.521
TIM 2016  1  1  0 58 30.0000000  57388   3510.00
  1 31    -0.015   -15.564  0.35977593D+04  0.51951644D-03  0  14.743 -157.093
  1 30     0.007    -0.243  0.13888889D+05  0.20055556D-02  0  35.658   81.942
  1 28    -0.001     1.819  0.56015610D+04  0.80886541D-03  0  18.514   42.743
  1 25    -0.019    -0.371  0.13888889D+05  0.20055556D-02  0  73.764   69.970
  1 22     0.002    -1.693  0.13888889D+05  0.20055556D-02  0  51.492  -60.160
  1 15     0.015    -3.434  0.13888889D+05  0.20055556D-02  0  70.396 -156.800
  1  8     0.002    22.650  0.50499351D+04  0.72921063D-03  0  17.547  -47.191
  1  3    -0.003    -2.524  0.11029316D+05  0.15926332D-02  0  26.459 -123.345
TIM 2016  1  1  0 58  0.0000000  57388   3480.00
  1 31     0.012     8.216  0.36907151D+04  0.53293927D-03  0  14.936 -157.004
  1 30    -0.005    -2.192  0.13888889D+05  0.20055556D-02  0  35.835   81.776
  1 28     0.029    19.038  0.56605370D+04  0.81738154D-03  0  18.615   42.926
  1 25    -0.006     1.185  0.13888889D+05  0.20055556D-02  0  73.958   70.473
  1 22     0.027    -1.534  0.13888889D+05  0.20055556D-02  0  51.300  -59.996
  1 15    -0.013    -4.082  0.13888889D+05  0.20055556D-02  0  70.133 -156.831
  1  8    -0.062    -2.035  0.49412222D+04  0.71351248D-03  0  17.351  -47.186
  1  3     0.005    -4.364  0.11161801D+05  0.16117641D-02  0  26.630 -123.167
TIM 2016  1  1  0 57 30.0000000  57388   3450.00
  1 31     0.003    -5.324  0.37848894D+04  0.54653803D-03  0  15.130 -156.914
  1 30    -0.007     1.318  0.13888889D+05  0.20055556D-02  0  36.013   81.609
  1 28     0.028    -6.432  0.57192424D+04  0.82585860D-03  0  18.714   43.110
  1 25    -0.010     2.488  0.13888889D+05  0.20055556D-02  0  74.150   70.991
  1 22     0.011    -6.013  0.13888889D+05  0.20055556D-02  0  51.106  -59.835
  1 15     0.005    -1.537  0.13888889D+05  0.20055556D-02  0  69.870 -156.862
  1  8    -0.032     2.049  0.48336159D+04  0.69797414D-03  0  17.156  -47.182
  1  3     0.000     5.862  0.11294624D+05  0.16309437D-02  0  26.801 -122.989
TIM 2016  1  1  0 57  0.0000000  57388   3420.00
  1 31    -0.006     3.014  0.38802809D+04  0.56031256D-03  0  15.324 -156.825
  1 30     0.013    -0.281  0.13888889D+05  0.20055556D-02  0  36.191   81.442
  1 28    -0.018     2.018  0.57776655D+04  0.83429489D-03  0  18.813   43.295
  1 25    -0.002     0.553  0.13888889D+05  0.20055556D-02  0  74.340   71.524
  1 22     0.012    -0.434  0.13888889D+05  0.20055556D-02  0  50.912  -59.678
  1 15    -0.014    -3.514  0.13888889D+05  0.20055556D-02  0  69.607 -156.895
  1  8    -0.015    -0.991  0.47271215D+04  0.68259635D-03  0  16.960  -47.179
  1  3     0.006    -0.381  0.11427771D+05  0.16501701D-02  0  26.971 -122.810
TIM 2016  1  1  0 56 30.0000000  57388   3390.00
  1 31     0.043    -8.107  0.39768882D+04  0.57426266D-03  0  15.519 -156.735
  1 30     0.002     1.108  0.13888889D+05  0.20055556D-02  0  36.369   81.274
  1 28    -0.008   -13.342  0.58357946D+04  0.84268875D-03  0  18.911   43.481
  1 25    -0.002     2.855  0.13888889D+05  0.20055556D-02  0  74.528   72.074
  1 22     0.017    -0.245  0.13888889D+05  0.20055556D-02  0  50.718  -59.523
  1 15    -0.007    -2.711  0.13888889D+05  0.20055556D-02  0  69.344 -156.929
  1  8    -0.010    11.994  0.46217440D+04  0.66737983D-03  0  16.764  -47.177
  1  3    -0.019    -8.803  0.11561228D+05  0.16694413D-02  0  27.141 -122.630
TIM 2016  1  1  0 56  0.0000000  57388   3360.00
  1 31     0.014    -1.545  0.40747100D+04  0.58838812D-03  0  15.713 -156.646
  1 30     0.013     4.606  0.13888889D+05  0.20055556D-02  0  36.547   81.107
  1 28    -0.037    -5.039  0.58936183D+04  0.85103848D-03  0  19.008   43.667
  1 25     0.002     3.012  0.13888889D+05  0.20055556D-02  0  74.715   72.640
  1 22    -0.002     3.135  0.13888889D+05  0.20055556D-02  0  50.523  -59.370
  1 15    -0.002    -1.976  0.13888889D+05  0.20055556D-02  0  69.081 -156.964
  1  8     0.037    -2.861  0.45174881D+04  0.65232528D-03  0  16.568  -47.175
  1  3    -0.012    -5.949  0.11694980D+05  0.16887551D-02  0  27.311 -122.449
TIM 2016  1  1  0 55 30.0000000  57388   3330.00
  1 31     0.014    -8.491  0.41737446D+04  0.60268871D-03  0  15.908 -156.556
  1 30     0.015    -1.291  0.13888889D+05  0.20055556D-02  0  36.726   80.939
  1 28    -0.043    -8.235  0.59511250D+04  0.85934245D-03  0  19.105   43.854
  1 25     0.003     1.771  0.13888889D+05  0.20055556D-02  0  74.900   73.223
  1 22    -0.007    -1.102  0.13888889D+05  0.20055556D-02  0  50.328  -59.221
  1 15     0.000    -3.543  0.13888889D+05  0.20055556D-02  0  68.818 -157.000
  1  8     0.052    -1.299  0.44143588D+04  0.63743341D-03  0  16.373  -47.175
  1  3    -0.015     7.048  0.11829013D+05  0.17081094D-02  0  27.480 -122.267
TIM 2016  1  1  0 55  0.0000000  57388   3300.00
  1 31    -0.010    -1.445  0.42739902D+04  0.61716418D-03  0  16.103 -156.466
  1 30     0.009     4.480  0.13888889D+05  0.20055556D-02  0  36.904   80.771
  1 28    -0.029     4.696  0.60083032D+04  0.86759898D-03  0  19.200   44.043
  1 25     0.006    -0.050  0.13888889D+05  0.20055556D-02  0  75.082   73.823
  1 22    -0.016    -3.583  0.13888889D+05  0.20055556D-02  0  50.133  -59.074
  1 15     0.003    -0.196  0.13888889D+05  0.20055556D-02  0  68.555 -157.037
  1  8     0.049     1.529  0.43123605D+04  0.62270486D-03  0  16.177  -47.175
  1  3    -0.001    -0.331  0.11963312D+05  0.17275022D-02  0  27.649 -122.085
TIM 2016  1  1  0 54 30.0000000  57388   3270.00
  1 31    -0.011   -17.833  0.43754450D+04  0.63181426D-03  0  16.298 -156.376
  1 30    -0.002     1.270  0.13888889D+05  0.20055556D-02  0  37.083   80.603
  1 28     0.004   -10.845  0.60651416D+04  0.87580644D-03  0  19.294   44.232
  1 25    -0.001    -0.833  0.13888889D+05  0.20055556D-02  0  75.263   74.441
  1 22    -0.008    -2.116  0.13888889D+05  0.20055556D-02  0  49.937  -58.930
  1 15     0.007    -2.874  0.13888889D+05  0.20055556D-02  0  68.292 -157.074
  1  8     0.012    -0.247  0.42114979D+04  0.60814030D-03  0  15.982  -47.176
  1  3     0.002    -4.757  0.12097862D+05  0.17469313D-02  0  27.817 -121.901
TIM 2016  1  1  0 54  0.0000000  57388   3240.00
  1 31    -0.006   -15.822  0.44781070D+04  0.64663864D-03  0  16.494 -156.286
  1 30     0.003    -2.241  0.13888889D+05  0.20055556D-02  0  37.261   80.434
  1 28    -0.014     9.369  0.61216288D+04  0.88396320D-03  0  19.387   44.422
  1 25    -0.001    -1.858  0.13888889D+05  0.20055556D-02  0  75.441   75.077
  1 22    -0.015     0.895  0.13888889D+05  0.20055556D-02  0  49.741  -58.789
  1 15     0.013    -2.167  0.13888889D+05  0.20055556D-02  0  68.029 -157.112
  1  8     0.046     3.793  0.41117753D+04  0.59374035D-03  0  15.786  -47.178
  1  3    -0.007    -0.488  0.12232650D+05  0.17663947D-02  0  27.985 -121.717
TIM 2016  1  1  0 53 30.0000000  57388   3210.00
  1 31    -0.055    -9.632  0.45819739D+04  0.66163704D-03  0  16.690 -156.195
  1 30     0.008     1.836  0.13888889D+05  0.20055556D-02  0  37.440   80.266
  1 28    -0.002    19.509  0.61777537D+04  0.89206763D-03  0  19.479   44.613
  1 25    -0.005     1.492  0.13888889D+05  0.20055556D-02  0  75.617   75.731
  1 22    -0.014     0.650  0.13888889D+05  0.20055556D-02  0  49.544  -58.650
  1 15     0.004    -2.146  0.13888889D+05  0.20055556D-02  0  67.766 -157.152
  1  8     0.005     9.304  0.40131969D+04  0.57950563D-03  0  15.591  -47.181
  1  3     0.026    -0.829  0.12367660D+05  0.17858901D-02  0  28.153 -121.531
TIM 2016  1  1  0 53  0.0000000  57388   3180.00
  1 31    -0.023    12.238  0.46870437D+04  0.67680911D-03  0  16.885 -156.105
  1 30     0.024    -1.518  0.13888889D+05  0.20055556D-02  0  37.619   80.097
  1 28    -0.020    15.136  0.62335050D+04  0.90011812D-03  0  19.571   44.804
  1 25    -0.016     2.089  0.13888889D+05  0.20055556D-02  0  75.791   76.405
  1 22     0.020    -0.175  0.13888889D+05  0.20055556D-02  0  49.347  -58.514
  1 15    -0.014    -0.458  0.13888889D+05  0.20055556D-02  0  67.503 -157.191
  1  8    -0.043     4.974  0.39157668D+04  0.56543673D-03  0  15.396  -47.184
  1  3     0.017    -0.907  0.12502876D+05  0.18054153D-02  0  28.320 -121.345
TIM 2016  1  1  0 52 30.0000000  57388   3150.00
  1 31    -0.021    -7.253  0.47933137D+04  0.69215450D-03  0  17.082 -156.014
  1 30     0.002    -2.857  0.13888889D+05  0.20055556D-02  0  37.798   79.928
  1 28    -0.001    -0.022  0.62888717D+04  0.90811307D-03  0  19.661   44.997
  1 25     0.001     0.425  0.13888889D+05  0.20055556D-02  0  75.963   77.098
  1 22    -0.009    -1.522  0.13888889D+05  0.20055556D-02  0  49.150  -58.381
  1 15     0.002    -0.274  0.13888889D+05  0.20055556D-02  0  67.240 -157.232
  1  8     0.009     0.190  0.38194891D+04  0.55153423D-03  0  15.201  -47.188
  1  3     0.010    -6.814  0.12638285D+05  0.18249683D-02  0  28.487 -121.158
TIM 2016  1  1  0 52  0.0000000  57388   3120.00
  1 31    -0.024    11.180  0.49007814D+04  0.70767284D-03  0  17.278 -155.923
  1 30     0.015     1.290  0.13888889D+05  0.20055556D-02  0  37.977   79.758
  1 28    -0.006   -16.746  0.63438427D+04  0.91605089D-03  0  19.750   45.190
  1 25    -0.012     0.412  0.13888889D+05  0.20055556D-02  0  76.131   77.811
  1 22     0.014    -2.083  0.13888889D+05  0.20055556D-02  0  48.952  -58.250
  1 15    -0.011    -2.460  0.13888889D+05  0.20055556D-02  0  66.977 -157.273
  1  8    -0.045     0.737  0.37243677D+04  0.53779869D-03  0  15.006  -47.193
  1  3     0.019     3.479  0.12773870D+05  0.18445468D-02  0  28.653 -120.969
TIM 2016  1  1  0 51 30.0000000  57388   3090.00
  1 31    -0.024     8.496  0.50094442D+04  0.72336375D-03  0  17.475 -155.832
  1 30     0.005    -0.159  0.13888889D+05  0.20055556D-02  0  38.156   79.589
  1 28     0.014    -3.634  0.63984072D+04  0.92393000D-03  0  19.838   45.384
  1 25    -0.010    -0.108  0.13888889D+05  0.20055556D-02  0  76.298   78.545
  1 22     0.014     0.197  0.13888889D+05  0.20055556D-02  0  48.754  -58.121
  1 15    -0.010    -2.032  0.13888889D+05  0.20055556D-02  0  66.714 -157.315
  1  8    -0.066     1.347  0.36304062D+04  0.52423065D-03  0  14.811  -47.199
  1  3     0.022    -0.750  0.12909616D+05  0.18641486D-02  0  28.819 -120.780
TIM 2016  1  1  0 51  0.0000000  57388   3060.00
  1 31     0.042    15.730  0.51192992D+04  0.73922680D-03  0  17.671 -155.741
  1 30    -0.008    -2.471  0.13888889D+05  0.20055556D-02  0  38.336   79.419
  1 28     0.022    -2.354  0.64525542D+04  0.93174883D-03  0  19.926   45.579
  1 25    -0.004    -0.901  0.13888889D+05  0.20055556D-02  0  76.461   79.299
  1 22     0.033    -2.575  0.13888889D+05  0.20055556D-02  0  48.556  -57.995
  1 15    -0.014    -1.893  0.13888889D+05  0.20055556D-02  0  66.451 -157.357
  1  8    -0.081    -3.310  0.35376082D+04  0.51083063D-03  0  14.616  -47.206
  1  3    -0.012    -1.550  0.13045508D+05  0.18837714D-02  0  28.985 -120.590
TIM 2016  1  1  0 50 30.0000000  57388   3030.00
  1 31     0.024    12.812  0.52303433D+04  0.75526158D-03  0  17.868 -155.649
  1 30    -0.007    -0.987  0.13888889D+05  0.20055556D-02  0  38.515   79.249
  1 28     0.033     4.867  0.65062731D+04  0.93950584D-03  0  20.012   45.775
  1 25    -0.018    -0.691  0.13888889D+05  0.20055556D-02  0  76.621   80.075
  1 22     0.035    -0.239  0.13888889D+05  0.20055556D-02  0  48.357  -57.872
  1 15    -0.003    -0.649  0.13888889D+05  0.20055556D-02  0  66.188 -157.400
  1  8    -0.102   -16.931  0.34459774D+04  0.49759914D-03  0  14.422  -47.213
  1  3    -0.006     4.185  0.13181531D+05  0.19034131D-02  0  29.150 -120.399
TIM 2016  1  1  0 50  0.0000000  57388   3000.00
  1 31     0.025    25.271  0.53425736D+04  0.77146762D-03  0  18.066 -155.557
  1 30    -0.006    -1.926  0.13888889D+05  0.20055556D-02  0  38.695   79.079
  1 28     0.006    -7.143  0.65595532D+04  0.94719948D-03  0  20.097   45.972
  1 25     0.013     0.140  0.13888889D+05  0.20055556D-02  0  76.779   80.872
  1 22     0.012    -1.799  0.13888889D+05  0.20055556D-02  0  48.158  -57.750
  1 15    -0.020    -2.329  0.13888889D+05  0.20055556D-02  0  65.925 -157.444
  1  8    -0.037   -12.585  0.33555170D+04  0.48453666D-03  0  14.227  -47.222
  1  3    -0.002     0.472  0.13317669D+05  0.19230714D-02  0  29.315 -120.207
TIM 2016  1  1  0 49 30.0000000  57388   2970.00
  1 31    -0.011    -0.897  0.54559866D+04  0.78784446D-03  0  18.263 -155.465
  1 30     0.001     1.338  0.13888889D+05  0.20055556D-02  0  38.875   78.908
  1 28     0.015    18.262  0.66123838D+04  0.95482821D-03  0  20.182   46.169
  1 25    -0.003     2.850  0.13888889D+05  0.20055556D-02  0  76.933   81.691
  1 22     0.015    -2.562  0.13888889D+05  0.20055556D-02  0  47.959  -57.632
  1 15    -0.015    -3.248  0.13888889D+05  0.20055556D-02  0  65.662 -157.488
  1  8    -0.076    -2.141  0.32662304D+04  0.47164367D-03  0  14.032  -47.230
  1  3     0.018     2.177  0.13453906D+05  0.19427440D-02  0  29.479 -120.013
TIM 2016  1  1  0 49  0.0000000  57388   2940.00
  1 31    -0.004    -6.980  0.55705789D+04  0.80439160D-03  0  18.461 -155.373
  1 30    -0.005    -0.523  0.13888889D+05  0.20055556D-02  0  39.054   78.738
  1 28    -0.004    -4.034  0.66647544D+04  0.96239054D-03  0  20.265   46.367
  1 25     0.018     1.071  0.13888889D+05  0.20055556D-02  0  77.084   82.532
  1 22    -0.017    -1.925  0.13888889D+05  0.20055556D-02  0  47.759  -57.515
  1 15    -0.004    -0.540  0.13888889D+05  0.20055556D-02  0  65.400 -157.532
  1  8     0.041     7.747  0.31781206D+04  0.45892062D-03  0  13.838  -47.240
  1  3     0.004    -3.027  0.13590227D+05  0.19624287D-02  0  29.643 -119.819
TIM 2016  1  1  0 48 30.0000000  57388   2910.00
  1 31     0.006    -6.844  0.56863471D+04  0.82110853D-03  0  18.659 -155.281
  1 30    -0.006     0.550  0.13888889D+05  0.20055556D-02  0  39.234   78.567
  1 28    -0.015    10.827  0.67166548D+04  0.96988495D-03  0  20.347   46.566
  1 25     0.014     0.468  0.13888889D+05  0.20055556D-02  0  77.232   83.396
  1 22    -0.025     2.179  0.13888889D+05  0.20055556D-02  0  47.560  -57.401
  1 15     0.015     0.911  0.13888889D+05  0.20055556D-02  0  65.137 -157.577
  1  8     0.105    -9.962  0.30911907D+04  0.44636794D-03  0  13.644  -47.251
  1  3    -0.016    -8.020  0.13726615D+05  0.19821231D-02  0  29.806 -119.624
TIM 2016  1  1  0 48  0.0000000  57388   2880.00
  1 31    -0.008    -1.002  0.58032874D+04  0.83799470D-03  0  18.857 -155.188
  1 30     0.013     5.085  0.13888889D+05  0.20055556D-02  0  39.414   78.396
  1 28    -0.027     6.354  0.67680745D+04  0.97730996D-03  0  20.428   46.766
  1 25     0.003     0.746  0.13888889D+05  0.20055556D-02  0  77.377   84.282
  1 22    -0.010     1.202  0.13888889D+05  0.20055556D-02  0  47.360  -57.289
  1 15    -0.002    -1.315  0.13888889D+05  0.20055556D-02  0  64.874 -157.623
  1  8     0.049   -12.095  0.30054436D+04  0.43398606D-03  0  13.450  -47.262
  1  3     0.002    -3.509  0.13863054D+05  0.20018250D-02  0  29.969 -119.428
TIM 2016  1  1  0 47 30.0000000  57388   2850.00
  1 31     0.002   -15.464  0.59213960D+04  0.85504958D-03  0  19.055 -155.096
  1 30     0.002     3.181  0.13888889D+05  0.20055556D-02  0  39.595   78.224
  1 28    -0.009     0.007  0.68190034D+04  0.98466409D-03  0  20.508   46.967
  1 25     0.003     0.523  0.13888889D+05  0.20055556D-02  0  77.517   85.192
  1 22    -0.006    -2.769  0.13888889D+05  0.20055556D-02  0  47.160  -57.180
  1 15     0.003     1.023  0.13888889D+05  0.20055556D-02  0  64.611 -157.668
  1  8     0.033     1.045  0.29208821D+04  0.42177537D-03  0  13.256  -47.274
  1  3    -0.005     5.111  0.13888889D+05  0.20055556D-02  0  30.132 -119.231
TIM 2016  1  1  0 47  0.0000000  57388   2820.00
  1 31    -0.035     3.465  0.60406688D+04  0.87227257D-03  0  19.253 -155.003
  1 30     0.014     3.009  0.13888889D+05  0.20055556D-02  0  39.775   78.053
  1 28    -0.015    -2.331  0.68694314D+04  0.99194589D-03  0  20.588   47.168
  1 25    -0.002     0.451  0.13888889D+05  0.20055556D-02  0  77.654   86.125
  1 22    -0.014    -0.338  0.13888889D+05  0.20055556D-02  0  46.959  -57.073
  1 15    -0.000    -2.213  0.13888889D+05  0.20055556D-02  0  64.348 -157.715
  1  8     0.025    -9.232  0.28375088D+04  0.40973627D-03  0  13.062  -47.287
  1  3     0.021    -1.280  0.13888889D+05  0.20055556D-02  0  30.293 -119.033
TIM 2016  1  1  0 46 30.0000000  57388   2790.00
  1 31    -0.016     5.972  0.61611017D+04  0.88966308D-03  0  19.452 -154.909
  1 30     0.003     0.453  0.13888889D+05  0.20055556D-02  0  39.955   77.881
  1 28    -0.011   -15.095  0.69193484D+04  0.99915391D-03  0  20.666   47.370
  1 25     0.020     1.485  0.13888889D+05  0.20055556D-02  0  77.787   87.081
  1 22    -0.014     1.998  0.13888889D+05  0.20055556D-02  0  46.759  -56.968
  1 15    -0.019     1.115  0.13888889D+05  0.20055556D-02  0  64.086 -157.761
  1  8     0.017     0.847  0.27553262D+04  0.39786911D-03  0  12.868  -47.300
  1  3     0.020    -0.531  0.13888889D+05  0.20055556D-02  0  30.455 -118.833
TIM 2016  1  1  0 46  0.0000000  57388   2760.00
  1 31    -0.005     6.550  0.62826904D+04  0.90722049D-03  0  19.651 -154.816
  1 30    -0.015     0.109  0.13888889D+05  0.20055556D-02  0  40.136   77.709
  1 28     0.025    -0.678  0.69687446D+04  0.10062867D-02  0  20.743   47.573
  1 25    -0.000     1.624  0.13888889D+05  0.20055556D-02  0  77.916   88.061
  1 22    -0.005     4.027  0.13888889D+05  0.20055556D-02  0  46.558  -56.865
  1 15     0.011     0.665  0.13888889D+05  0.20055556D-02  0  63.823 -157.808
  1  8    -0.007   -15.121  0.26743369D+04  0.38617426D-03  0  12.674  -47.314
  1  3     0.000    -1.564  0.13888889D+05  0.20055556D-02  0  30.616 -118.633
TIM 2016  1  1  0 45 30.0000000  57388   2730.00
  1 31     0.003    11.221  0.64054305D+04  0.92494416D-03  0  19.850 -154.722
  1 30     0.004    -2.531  0.13888889D+05  0.20055556D-02  0  40.317   77.536
  1 28    -0.025     3.703  0.70176103D+04  0.10133429D-02  0  20.819   47.777
  1 25     0.021     0.797  0.13888889D+05  0.20055556D-02  0  78.041   89.064
  1 22    -0.016    -0.008  0.13888889D+05  0.20055556D-02  0  46.357  -56.764
  1 15    -0.012    -2.454  0.13888889D+05  0.20055556D-02  0  63.560 -157.856
  1  8     0.074   -14.141  0.25945432D+04  0.37465204D-03  0  12.480  -47.329
  1  3    -0.000    -1.070  0.13888889D+05  0.20055556D-02  0  30.776 -118.432
TIM 2016  1  1  0 45  0.0000000  57388   2700.00
  1 31     0.038   -13.037  0.65293174D+04  0.94283343D-03  0  20.049 -154.628
  1 30    -0.011    -1.580  0.13888889D+05  0.20055556D-02  0  40.497   77.364
  1 28     0.009     3.477  0.70659356D+04  0.10203211D-02  0  20.894   47.981
  1 25     0.008     0.462  0.13888889D+05  0.20055556D-02  0  78.161   90.091
  1 22     0.018    -1.592  0.13888889D+05  0.20055556D-02  0  46.155  -56.665
  1 15    -0.011    -0.484  0.13888889D+05  0.20055556D-02  0  63.298 -157.904
  1  8    -0.038    18.268  0.25159472D+04  0.36330278D-03  0  12.287  -47.345
  1  3    -0.019    -5.243  0.13888889D+05  0.20055556D-02  0  30.936 -118.229
TIM 2016  1  1  0 44 30.0000000  57388   2670.00
  1 31     0.004     4.926  0.66543463D+04  0.96088760D-03  0  20.248 -154.533
  1 30    -0.010     0.370  0.13888889D+05  0.20055556D-02  0  40.678   77.191
  1 28     0.017    -1.825  0.71137111D+04  0.10272199D-02  0  20.967   48.186
  1 25    -0.006     1.301  0.13888889D+05  0.20055556D-02  0  78.277   91.141
  1 22     0.005    -1.145  0.13888889D+05  0.20055556D-02  0  45.954  -56.569
  1 15     0.010    -2.378  0.13888889D+05  0.20055556D-02  0  63.035 -157.952
  1  8    -0.020    -2.560  0.24385511D+04  0.35212677D-03  0  12.094  -47.361
  1  3    -0.007     4.324  0.13888889D+05  0.20055556D-02  0  31.095 -118.026
TIM 2016  1  1  0 44  0.0000000  57388   2640.00
  1 31     0.022    -9.967  0.67805124D+04  0.97910599D-03  0  20.448 -154.439
  1 30     0.007    -2.811  0.13888889D+05  0.20055556D-02  0  40.859   77.018
  1 28    -0.021    -4.237  0.71609273D+04  0.10340379D-02  0  21.040   48.392
  1 25     0.005     1.971  0.13888889D+05  0.20055556D-02  0  78.388   92.213
  1 22     0.005     2.310  0.13888889D+05  0.20055556D-02  0  45.752  -56.475
  1 15    -0.007    -1.063  0.13888889D+05  0.20055556D-02  0  62.773 -158.000
  1  8     0.030   -10.214  0.23623568D+04  0.34112432D-03  0  11.900  -47.378
  1  3    -0.015    -0.276  0.13888889D+05  0.20055556D-02  0  31.254 -117.821
TIM 2016  1  1  0 43 30.0000000  57388   2610.00
  1 31     0.013     1.524  0.69078106D+04  0.99748785D-03  0  20.648 -154.344
  1 30    -0.009    -4.126  0.13888889D+05  0.20055556D-02  0  41.041   76.844
  1 28     0.010    -2.059  0.72075748D+04  0.10407738D-02  0  21.112   48.599
  1 25     0.016     3.171  0.13888889D+05  0.20055556D-02  0  78.495   93.309
  1 22     0.006    -1.651  0.13888889D+05  0.20055556D-02  0  45.551  -56.382
  1 15    -0.022    -0.543  0.13888889D+05  0.20055556D-02  0  62.510 -158.049
  1  8    -0.051     0.848  0.22873662D+04  0.33029567D-03  0  11.707  -47.396
  1  3     0.006     0.327  0.13888889D+05  0.20055556D-02  0  31.412 -117.616
TIM 2016  1  1  0 43  0.0000000  57388   2580.00
  1 31    -0.003    -3.166  0.70362357D+04  0.10160324D-02  0  20.848 -154.249
  1 30     0.004    -4.597  0.13888889D+05  0.20055556D-02  0  41.222   76.670
  1 28    -0.000    -4.119  0.72536445D+04  0.10474263D-02  0  21.182   48.806
  1 25    -0.000     0.905  0.13888889D+05  0.20055556D-02  0  78.596   94.428
  1 22     0.004     0.629  0.13888889D+05  0.20055556D-02  0  45.349  -56.292
  1 15    -0.009    -0.341  0.13888889D+05  0.20055556D-02  0  62.248 -158.097
  1  8    -0.035     1.182  0.22135810D+04  0.31964110D-03  0  11.514  -47.415
  1  3     0.009     5.226  0.13888889D+05  0.20055556D-02  0  31.569 -117.409
TIM 2016  1  1  0 42 30.0000000  57388   2550.00
  1 31    -0.020    -9.674  0.71657825D+04  0.10347390D-02  0  21.048 -154.153
  1 30    -0.009    -2.719  0.13888889D+05  0.20055556D-02  0  41.403   76.497
  1 28     0.021     0.470  0.72991273D+04  0.10539940D-02  0  21.252   49.014
  1 25     0.000    -0.109  0.13888889D+05  0.20055556D-02  0  78.693   95.568
  1 22    -0.008     1.072  0.13888889D+05  0.20055556D-02  0  45.146  -56.204
  1 15     0.004     1.396  0.13888889D+05  0.20055556D-02  0  61.985 -158.147
  1  8    -0.024   -10.376  0.21410030D+04  0.30916084D-03  0  11.321  -47.434
  1  3     0.016     1.927  0.13888889D+05  0.20055556D-02  0  31.726 -117.201
TIM 2016  1  1  0 42  0.0000000  57388   2520.00
  1 31    -0.034    26.617  0.72964454D+04  0.10536067D-02  0  21.248 -154.057
  1 30     0.010     0.146  0.13888889D+05  0.20055556D-02  0  41.585   76.322
  1 28    -0.007     5.480  0.73440141D+04  0.10604756D-02  0  21.320   49.223
  1 25     0.013    -0.816  0.13888889D+05  0.20055556D-02  0  78.784   96.729
  1 22    -0.020     2.255  0.13888889D+05  0.20055556D-02  0  44.944  -56.118
  1 15    -0.021    -0.969  0.13888889D+05  0.20055556D-02  0  61.723 -158.196
  1  8    -0.002     0.748  0.20696337D+04  0.29885511D-03  0  11.129  -47.454
  1  3     0.040     3.305  0.13888889D+05  0.20055556D-02  0  31.882 -116.992
TIM 2016  1  1  0 41 30.0000000  57388   2490.00
  1 31     0.007    10.081  0.74282187D+04  0.10726348D-02  0  21.448 -153.961
  1 30    -0.004     1.522  0.13888889D+05  0.20055556D-02  0  41.767   76.148
  1 28     0.002    -2.551  0.73882961D+04  0.10668700D-02  0  21.388   49.432
  1 25     0.008     0.664  0.13888889D+05  0.20055556D-02  0  78.870   97.912
  1 22     0.001     3.938  0.13888889D+05  0.20055556D-02  0  44.742  -56.033
  1 15    -0.010    -0.574  0.13888889D+05  0.20055556D-02  0  61.461 -158.246
  1  8    -0.012    -3.369  0.19994745D+04  0.28872412D-03  0  10.936  -47.475
  1  3     0.000     0.632  0.13888889D+05  0.20055556D-02  0  32.038 -116.782
TIM 2016  1  1  0 41  0.0000000  57388   2460.00
  1 31    -0.004    -8.623  0.75610967D+04  0.10918224D-02  0  21.649 -153.865
  1 30    -0.004    -2.288  0.13888889D+05  0.20055556D-02  0  41.949   75.973
  1 28    -0.005   -14.175  0.74319646D+04  0.10731757D-02  0  21.454   49.642
  1 25     0.014     1.052  0.13888889D+05  0.20055556D-02  0  78.950   99.114
  1 22    -0.016    -0.653  0.13888889D+05  0.20055556D-02  0  44.539  -55.951
  1 15     0.000    -2.521  0.13888889D+05  0.20055556D-02  0  61.199 -158.295
  1  8     0.081     5.300  0.19305268D+04  0.27876807D-03  0  10.743  -47.496
  1  3    -0.000     0.833  0.13888889D+05  0.20055556D-02  0  32.193 -116.571
TIM 2016  1  1  0 40 30.0000000  57388   2430.00
  1 31    -0.007    12.481  0.76950734D+04  0.11111686D-02  0  21.850 -153.768
  1 30    -0.003    -2.922  0.13888889D+05  0.20055556D-02  0  42.130   75.798
  1 28    -0.016    -9.291  0.74750110D+04  0.10793916D-02  0  21.519   49.853
  1 25     0.012    -0.246  0.13888889D+05  0.20055556D-02  0  79.025  100.336
  1 22    -0.026    -1.785  0.13888889D+05  0.20055556D-02  0  44.337  -55.871
  1 15     0.018    -1.785  0.13888889D+05  0.20055556D-02  0  60.937 -158.346
  1  8     0.185    23.988  0.18627917D+04  0.26898712D-03  0  10.551  -47.518
  1  3    -0.013     3.251  0.13888889D+05  0.20055556D-02  0  32.348 -116.359
TIM 2016  1  1  0 40  0.0000000  57388   2400.00
  1 31     0.004    -4.406  0.78301427D+04  0.11306726D-02  0  22.050 -153.671
  1 30    -0.002     1.357  0.13888889D+05  0.20055556D-02  0  42.313   75.623
  1 28     0.006    -4.328  0.75174268D+04  0.10855164D-02  0  21.583   50.065
  1 25    -0.006    -2.220  0.13888889D+05  0.20055556D-02  0  79.094  101.575
  1 22     0.008    -3.107  0.13888889D+05  0.20055556D-02  0  44.134  -55.792
  1 15     0.003    -0.684  0.13888889D+05  0.20055556D-02  0  60.675 -158.396
  1  8    -0.038    -6.843  0.17962705D+04  0.25938145D-03  0  10.359  -47.541
  1  3    -0.003    -2.202  0.13888889D+05  0.20055556D-02  0  32.502 -116.146
TIM 2016  1  1  0 39 30.0000000  57388   2370.00
  1 31     0.025     1.303  0.79662984D+04  0.11503335D-02  0  22.252 -153.574
  1 30     0.002     1.231  0.13888889D+05  0.20055556D-02  0  42.495   75.447
  1 28    -0.013     0.879  0.75592037D+04  0.10915490D-02  0  21.646   50.277
  1 25     0.002    -0.228  0.13888889D+05  0.20055556D-02  0  79.158  102.832
  1 22     0.011    -0.744  0.13888889D+05  0.20055556D-02  0  43.931  -55.716
  1 15    -0.003    -4.862  0.13888889D+05  0.20055556D-02  0  60.413 -158.446
  1  8     0.018    -4.641  0.17309640D+04  0.24995121D-03  0  10.167  -47.564
  1  3    -0.022     2.075  0.13888889D+05  0.20055556D-02  0  32.655 -115.931
TIM 2016  1  1  0 39  0.0000000  57388   2340.00
  1 31    -0.011    -6.215  0.81035341D+04  0.11701503D-02  0  22.453 -153.476
  1 30     0.022    -0.759  0.13888889D+05  0.20055556D-02  0  42.677   75.272
  1 28    -0.024     7.364  0.76003335D+04  0.10974882D-02  0  21.708   50.490
  1 25    -0.003     2.423  0.13888889D+05  0.20055556D-02  0  79.215  104.105
  1 22    -0.004    -0.293  0.13888889D+05  0.20055556D-02  0  43.728  -55.641
  1 15    -0.012     0.776  0.13888889D+05  0.20055556D-02  0  60.151 -158.497
  1  8     0.008    17.429  0.16668733D+04  0.24069651D-03  0   9.975  -47.588
  1  3     0.016     4.818  0.13888889D+05  0.20055556D-02  0  32.807 -115.716
TIM 2016  1  1  0 38 30.0000000  57388   2310.00
  1 31     0.004    13.012  0.82418431D+04  0.11901221D-02  0  22.654 -153.378
  1 30     0.004     1.834  0.13888889D+05  0.20055556D-02  0  42.860   75.096
  1 28    -0.002    17.079  0.76408080D+04  0.11033327D-02  0  21.768   50.703
  1 25    -0.001     0.819  0.13888889D+05  0.20055556D-02  0  79.266  105.392
  1 22     0.007     4.140  0.13888889D+05  0.20055556D-02  0  43.525  -55.568
  1 15    -0.011    -1.709  0.13888889D+05  0.20055556D-02  0  59.889 -158.547
  1  8    -0.055    21.943  0.16039992D+04  0.23161749D-03  1   9.783  -47.613
  1  3     0.005    -1.665  0.13888889D+05  0.20055556D-02  0  32.959 -115.499
TIM 2016  1  1  0 38  0.0000000  57388   2280.00
  1 31    -0.007    -6.906  0.83812188D+04  0.12102480D-02  0  22.856 -153.279
  1 30    -0.007     1.574  0.13888889D+05  0.20055556D-02  0  43.042   74.919
  1 28     0.010     4.907  0.76806194D+04  0.11090814D-02  0  21.828   50.917
  1 25     0.004     2.116  0.13888889D+05  0.20055556D-02  0  79.311  106.692
  1 22    -0.006     0.566  0.13888889D+05  0.20055556D-02  0  43.322  -55.497
  1 15     0.001    -0.964  0.13888889D+05  0.20055556D-02  0  59.627 -158.598
  1  3     0.007    -5.752  0.13888889D+05  0.20055556D-02  0  33.110 -115.281
TIM 2016  1  1  0 37 30.0000000  57388   2250.00
  1 31     0.015     3.783  0.85216543D+04  0.12305269D-02  0  23.057 -153.180
  1 30     0.004     0.960  0.13888889D+05  0.20055556D-02  0  43.225   74.742
  1 28    -0.009    -5.971  0.77197599D+04  0.11147333D-02  0  21.886   51.132
  1 25    -0.006     0.338  0.13888889D+05  0.20055556D-02  0  79.350  108.005
  1 22     0.011     1.957  0.13888889D+05  0.20055556D-02  0  43.118  -55.427
  1 15     0.003    -1.112  0.13888889D+05  0.20055556D-02  0  59.365 -158.649
  1  3    -0.017    -2.882  0.13888889D+05  0.20055556D-02  0  33.261 -115.062
TIM 2016  1  1  0 37  0.0000000  57388   2220.00
  1 31     0.010    -5.068  0.86631426D+04  0.12509578D-02  0  23.259 -153.081
  1 30    -0.021    -3.421  0.13888889D+05  0.20055556D-02  0  43.408   74.566
  1 28     0.021    -2.592  0.77582218D+04  0.11202872D-02  0  21.944   51.347
  1 25     0.006     1.847  0.13888889D+05  0.20055556D-02  0  79.383  109.327
  1 22     0.004    -0.747  0.13888889D+05  0.20055556D-02  0  42.915  -55.360
  1 15     0.009     1.113  0.13888889D+05  0.20055556D-02  0  59.104 -158.700
  1  3    -0.015    -6.549  0.13888889D+05  0.20055556D-02  0  33.411 -114.842
TIM 2016  1  1  0 36 30.0000000  57388   2190.00
  1 31    -0.010   -10.012  0.88056764D+04  0.12715397D-02  0  23.461 -152.981
  1 30    -0.005    -1.603  0.13888889D+05  0.20055556D-02  0  43.591   74.388
  1 28     0.011    -8.378  0.77959975D+04  0.11257420D-02  0  22.000   51.563
  1 25    -0.011     1.713  0.13888889D+05  0.20055556D-02  0  79.409  110.658
  1 22    -0.001     1.573  0.13888889D+05  0.20055556D-02  0  42.712  -55.294
  1 15     0.018    -1.378  0.13888889D+05  0.20055556D-02  0  58.842 -158.752
  1  3    -0.001     1.126  0.13888889D+05  0.20055556D-02  0  33.560 -114.621
TIM 2016  1  1  0 36  0.0000000  57388   2160.00
  1 31     0.008     5.562  0.89492485D+04  0.12922715D-02  0  23.663 -152.881
  1 30    -0.015     2.791  0.13888889D+05  0.20055556D-02  0  43.774   74.211
  1 28     0.015     3.895  0.78330798D+04  0.11310967D-02  0  22.055   51.780
  1 25    -0.004     0.300  0.13888889D+05  0.20055556D-02  0  79.429  111.997
  1 22     0.008    -1.856  0.13888889D+05  0.20055556D-02  0  42.508  -55.230
  1 15     0.017     0.738  0.13888889D+05  0.20055556D-02  0  58.581 -158.803
  1  3    -0.019     1.338  0.13888889D+05  0.20055556D-02  0  33.708 -114.398
TIM 2016  1  1  0 35 30.0000000  57388   2130.00
  1 31     0.003     4.615  0.90938514D+04  0.13131521D-02  0  23.865 -152.781
  1 30    -0.027     3.225  0.13888889D+05  0.20055556D-02  0  43.957   74.033
  1 28     0.029     0.097  0.78694614D+04  0.11363502D-02  0  22.109   51.997
  1 25     0.008     0.260  0.13888889D+05  0.20055556D-02  0  79.442  113.340
  1 22     0.001     0.905  0.13888889D+05  0.20055556D-02  0  42.305  -55.167
  1 15     0.012    -0.657  0.13888889D+05  0.20055556D-02  0  58.319 -158.855
  1  3    -0.012    -0.142  0.13888889D+05  0.20055556D-02  0  33.856 -114.175
TIM 2016  1  1  0 35  0.0000000  57388   2100.00
  1 31     0.015    -2.837  0.92394773D+04  0.13341805D-02  0  24.067 -152.680
  1 30    -0.001     2.745  0.13888889D+05  0.20055556D-02  0  44.141   73.855
  1 28    -0.004     6.895  0.79051351D+04  0.11415015D-02  0  22.161   52.215
  1 25     0.001     0.327  0.13888889D+05  0.20055556D-02  0  79.448  114.687
  1 22     0.009    -2.341  0.13888889D+05  0.20055556D-02  0  42.101  -55.107
  1 15    -0.000    -0.020  0.13888889D+05  0.20055556D-02  0  58.058 -158.906
  1  3    -0.016     2.300  0.13888889D+05  0.20055556D-02  0  34.003 -113.950
TIM 2016  1  1  0 34 30.0000000  57388   2070.00
  1 31     0.021    -7.178  0.93861185D+04  0.13553555D-02  0  24.270 -152.579
  1 30    -0.009    -1.656  0.13888889D+05  0.20055556D-02  0  44.324   73.676
  1 28     0.001    10.696  0.79400942D+04  0.11465496D-02  0  22.213   52.434
  1 25     0.008    -0.116  0.13888889D+05  0.20055556D-02  0  79.448  116.036
  1 22     0.011     1.021  0.13888889D+05  0.20055556D-02  0  41.897  -55.048
  1 15    -0.004    -1.311  0.13888889D+05  0.20055556D-02  0  57.797 -158.958
  1  3    -0.021     4.430  0.13888889D+05  0.20055556D-02  0  34.149 -113.724
TIM 2016  1  1  0 34  0.0000000  57388   2040.00
  1 31    -0.006    -9.554  0.95337671D+04  0.13766760D-02  0  24.472 -152.477
  1 30    -0.024    -0.594  0.13888889D+05  0.20055556D-02  0  44.508   73.498
  1 28     0.027     1.171  0.79743317D+04  0.11514935D-02  0  22.263   52.653
  1 25     0.014     1.465  0.13888889D+05  0.20055556D-02  0  79.442  117.385
  1 22    -0.008    -0.674  0.13888889D+05  0.20055556D-02  0  41.694  -54.990
  1 15     0.002    -0.256  0.13888889D+05  0.20055556D-02  0  57.536 -159.009
  1  3     0.004     6.133  0.13888889D+05  0.20055556D-02  0  34.295 -113.497
TIM 2016  1  1  0 33 30.0000000  57388   2010.00
  1 31     0.001    -5.643  0.96824148D+04  0.13981407D-02  0  24.675 -152.375
  1 30     0.013    -3.836  0.13888889D+05  0.20055556D-02  0  44.692   73.318
  1 28    -0.015     0.993  0.80078411D+04  0.11563322D-02  0  22.313   52.872
  1 25     0.006     2.449  0.13888889D+05  0.20055556D-02  0  79.429  118.731
  1 22    -0.005     0.596  0.13888889D+05  0.20055556D-02  0  41.490  -54.935
  1 15    -0.019     0.464  0.13888889D+05  0.20055556D-02  0  57.275 -159.061
  1  3     0.013     3.184  0.13888889D+05  0.20055556D-02  0  34.439 -113.268
TIM 2016  1  1  0 33  0.0000000  57388   1980.00
  1 31    -0.006     0.273  0.98320534D+04  0.14197485D-02  0  24.878 -152.272
  1 30    -0.012    -1.311  0.13888889D+05  0.20055556D-02  0  44.876   73.139
  1 28     0.014   -11.219  0.80406158D+04  0.11610649D-02  0  22.361   53.092
  1 25     0.009     1.296  0.13888889D+05  0.20055556D-02  0  79.409  120.075
  1 22    -0.007    -1.677  0.13888889D+05  0.20055556D-02  0  41.286  -54.880
  1 15    -0.003    -0.874  0.13888889D+05  0.20055556D-02  0  57.014 -159.113
  1  3     0.008     3.276  0.13888889D+05  0.20055556D-02  0  34.583 -113.039
TIM 2016  1  1  0 32 30.0000000  57388   1950.00
  1 31     0.000     6.902  0.99826745D+04  0.14414982D-02  0  25.081 -152.169
  1 30    -0.002     0.617  0.13888889D+05  0.20055556D-02  0  45.060   72.959
  1 28     0.001     9.161  0.80726496D+04  0.11656906D-02  0  22.408   53.313
  1 25     0.012     0.778  0.13888889D+05  0.20055556D-02  0  79.383  121.413
  1 22    -0.007    -0.490  0.13888889D+05  0.20055556D-02  0  41.083  -54.828
  1 15    -0.015    -2.220  0.13888889D+05  0.20055556D-02  0  56.753 -159.165
  1  3     0.011     0.946  0.13888889D+05  0.20055556D-02  0  34.726 -112.808
TIM 2016  1  1  0 32  0.0000000  57388   1920.00
  1 31     0.007    -2.163  0.10134270D+05  0.14633885D-02  0  25.284 -152.065
  1 30    -0.024    -0.821  0.13888889D+05  0.20055556D-02  0  45.244   72.779
  1 28     0.021    -4.938  0.81039363D+04  0.11702084D-02  0  22.453   53.534
  1 25     0.017     0.561  0.13888889D+05  0.20055556D-02  0  79.350  122.743
  1 22     0.000     1.115  0.13888889D+05  0.20055556D-02  0  40.879  -54.777
  1 15    -0.003    -1.877  0.13888889D+05  0.20055556D-02  0  56.492 -159.217
  1  3    -0.008    -1.074  0.13888889D+05  0.20055556D-02  0  34.868 -112.576
TIM 2016  1  1  0 31 30.0000000  57388   1890.00
  1 31     0.004    -8.096  0.10286830D+05  0.14854182D-02  0  25.487 -151.961
  1 30    -0.026    -1.657  0.13888889D+05  0.20055556D-02  0  45.428   72.599
  1 28     0.025    -1.521  0.81344699D+04  0.11746174D-02  0  22.498   53.756
  1 25     0.006     0.689  0.13888889D+05  0.20055556D-02  0  79.311  124.066
  1 22     0.006    -1.603  0.13888889D+05  0.20055556D-02  0  40.675  -54.727
  1 15     0.015    -2.378  0.13888889D+05  0.20055556D-02  0  56.231 -159.269
  1  3    -0.018    -0.750  0.13888889D+05  0.20055556D-02  0  35.010 -112.343
TIM 2016  1  1  0 31  0.0000000  57388   1860.00
  1 31     0.005    -5.249  0.10440346D+05  0.15075860D-02  0  25.690 -151.857
  1 30    -0.010    -0.846  0.13888889D+05  0.20055556D-02  0  45.613   72.418
  1 28     0.008    -5.690  0.81642444D+04  0.11789169D-02  0  22.541   53.978
  1 25    -0.003     0.163  0.13888889D+05  0.20055556D-02  0  79.266  125.377
  1 22     0.009    -0.724  0.13888889D+05  0.20055556D-02  0  40.471  -54.680
  1 15     0.013    -2.414  0.13888889D+05  0.20055556D-02  0  55.971 -159.321
  1  3    -0.018    -1.286  0.13888889D+05  0.20055556D-02  0  35.151 -112.108
TIM 2016  1  1  0 30 30.0000000  57388   1830.00
  1 31    -0.007     1.074  0.10594809D+05  0.15298905D-02  0  25.893 -151.752
  1 30    -0.014    -3.683  0.13888889D+05  0.20055556D-02  0  45.797   72.237
  1 28     0.016    -4.330  0.81932543D+04  0.11831059D-02  0  22.583   54.201
  1 25    -0.005     0.957  0.13888889D+05  0.20055556D-02  0  79.214  126.678
  1 22     0.002    -0.614  0.13888889D+05  0.20055556D-02  0  40.267  -54.633
  1 15     0.019    -1.657  0.13888889D+05  0.20055556D-02  0  55.710 -159.373
  1  3    -0.007    -3.050  0.13888889D+05  0.20055556D-02  0  35.290 -111.873
TIM 2016  1  1  0 30  0.0000000  57388   1800.00
  1 31     0.005     6.175  0.10750211D+05  0.15523304D-02  0  26.097 -151.647
  1 30    -0.003    -0.385  0.13888889D+05  0.20055556D-02  0  45.982   72.056
  1 28     0.001     4.846  0.82214940D+04  0.11871837D-02  0  22.625   54.424
  1 25     0.008    -1.262  0.13888889D+05  0.20055556D-02  0  79.156  127.964
  1 22    -0.001    -1.663  0.13888889D+05  0.20055556D-02  0  40.063  -54.588
  1 15    -0.009    -4.208  0.13888889D+05  0.20055556D-02  0  55.450 -159.425
  1  3     0.001     2.137  0.13888889D+05  0.20055556D-02  0  35.429 -111.636
TIM 2016  1  1  0 29 30.0000000  57388   1770.00
  1 31     0.013    -7.272  0.10906541D+05  0.15749045D-02  0  26.300 -151.541
  1 30    -0.014     0.318  0.13888889D+05  0.20055556D-02  0  46.167   71.874
  1 28     0.007    -1.574  0.82489581D+04  0.11911495D-02  0  22.664   54.648
  1 25     0.018     0.426  0.13888889D+05  0.20055556D-02  0  79.092  129.237
  1 22     0.003    -1.938  0.13888889D+05  0.20055556D-02  0  39.860  -54.545
  1 15    -0.014    -0.587  0.13888889D+05  0.20055556D-02  0  55.190 -159.477
  1  3    -0.008    -1.014  0.13888889D+05  0.20055556D-02  0  35.567 -111.398
TIM 2016  1  1  0 29  0.0000000  57388   1740.00
  1 31     0.016     0.244  0.11063790D+05  0.15976112D-02  0  26.504 -151.434
  1 30    -0.010    -0.225  0.13888889D+05  0.20055556D-02  0  46.352   71.692
  1 28     0.003    -3.329  0.82756413D+04  0.11950026D-02  0  22.703   54.872
  1 25     0.012     0.131  0.13888889D+05  0.20055556D-02  0  79.022  130.493
  1 22     0.009    -0.136  0.13888889D+05  0.20055556D-02  0  39.656  -54.503
  1 15    -0.007     0.562  0.13888889D+05  0.20055556D-02  0  54.930 -159.529
  1  3    -0.018    -1.041  0.13888889D+05  0.20055556D-02  0  35.705 -111.159
TIM 2016  1  1  0 28 30.0000000  57388   1710.00
  1 31     0.024    -8.965  0.11221948D+05  0.16204493D-02  0  26.708 -151.327
  1 30    -0.020     2.935  0.13888889D+05  0.20055556D-02  0  46.537   71.510
  1 28     0.007    -6.804  0.83015387D+04  0.11987422D-02  0  22.741   55.097
  1 25     0.018     1.506  0.13888889D+05  0.20055556D-02  0  78.946  131.732
  1 22     0.016     2.750  0.13888889D+05  0.20055556D-02  0  39.452  -54.463
  1 15    -0.006    -1.457  0.13888889D+05  0.20055556D-02  0  54.670 -159.581
  1  3    -0.032    -1.448  0.13888889D+05  0.20055556D-02  0  35.841 -110.918
TIM 2016  1  1  0 28  0.0000000  57388   1680.00
  1 31     0.021   -10.649  0.11381005D+05  0.16434172D-02  0  26.911 -151.220
  1 30    -0.007     1.610  0.13888889D+05  0.20055556D-02  0  46.722   71.327
  1 28    -0.003    -3.681  0.83266454D+04  0.12023676D-02  0  22.777   55.322
  1 25     0.015     0.600  0.13888889D+05  0.20055556D-02  0  78.864  132.954
  1 22     0.010    -1.708  0.13888889D+05  0.20055556D-02  0  39.248  -54.424
  1 15    -0.015     1.534  0.13888889D+05  0.20055556D-02  0  54.410 -159.633
  1  3    -0.019    -4.579  0.13888889D+05  0.20055556D-02  0  35.976 -110.676
TIM 2016  1  1  0 27 30.0000000  57388   1650.00
  1 31     0.014    -7.385  0.11540953D+05  0.16665135D-02  0  27.115 -151.112
  1 30     0.005     2.512  0.13888889D+05  0.20055556D-02  0  46.908   71.144
  1 28    -0.011    -2.131  0.83509567D+04  0.12058781D-02  0  22.812   55.548
  1 25     0.003     2.290  0.13888889D+05  0.20055556D-02  0  78.776  134.156
  1 22     0.008    -4.433  0.13888889D+05  0.20055556D-02  0  39.044  -54.386
  1 15    -0.009     1.851  0.13888889D+05  0.20055556D-02  0  54.150 -159.685
  1  3    -0.012     1.276  0.13888889D+05  0.20055556D-02  0  36.111 -110.433
TIM 2016  1  1  0 27  0.0000000  57388   1620.00
  1 31    -0.008   -10.144  0.11701779D+05  0.16897369D-02  0  27.319 -151.003
  1 30     0.005    -1.788  0.13888889D+05  0.20055556D-02  0  47.093   70.960
  1 28    -0.001     1.096  0.83744679D+04  0.12092732D-02  0  22.846   55.774
  1 25    -0.005     3.099  0.13888889D+05  0.20055556D-02  0  78.683  135.339
  1 22    -0.006    -2.649  0.13888889D+05  0.20055556D-02  0  38.841  -54.350
  1 15     0.002     0.074  0.13888889D+05  0.20055556D-02  0  53.890 -159.737
  1  3     0.011    -0.419  0.13888889D+05  0.20055556D-02  0  36.245 -110.189
TIM 2016  1  1  0 26 30.0000000  57388   1590.00
  1 31    -0.001     0.795  0.11863474D+05  0.17130857D-02  0  27.523 -150.894
  1 30     0.005    -3.136  0.13888889D+05  0.20055556D-02  0  47.279   70.776
  1 28    -0.003     6.983  0.83971748D+04  0.12125520D-02  0  22.879   56.001
  1 25     0.001     2.788  0.13888889D+05  0.20055556D-02  0  78.585  136.501
  1 22    -0.005     5.407  0.13888889D+05  0.20055556D-02  0  38.637  -54.315
  1 15    -0.008    -0.648  0.13888889D+05  0.20055556D-02  0  53.631 -159.788
  1  3     0.010    -2.517  0.13888889D+05  0.20055556D-02  0  36.377 -109.944
TIM 2016  1  1  0 26  0.0000000  57388   1560.00
  1 31    -0.011     3.789  0.12026028D+05  0.17365584D-02  0  27.727 -150.784
  1 30    -0.010     0.597  0.13888889D+05  0.20055556D-02  0  47.465   70.592
  1 28     0.010    -2.375  0.84190730D+04  0.12157141D-02  0  22.910   56.228
  1 25    -0.002     0.776  0.13888889D+05  0.20055556D-02  0  78.481  137.642
  1 22     0.001    -4.110  0.13888889D+05  0.20055556D-02  0  38.433  -54.282
  1 15     0.015    -0.653  0.13888889D+05  0.20055556D-02  0  53.371 -159.840
  1 13     0.025    18.518  0.84656516D+03  0.12224401D-03  0   7.091  132.019
  1  3    -0.001     3.655  0.13888889D+05  0.20055556D-02  0  36.509 -109.697
TIM 2016  1  1  0 25 30.0000000  57388   1530.00
  1 31     0.005     2.000  0.12189429D+05  0.17601536D-02  0  27.931 -150.674
  1 30    -0.005     1.264  0.13888889D+05  0.20055556D-02  0  47.651   70.407
  1 28    -0.006    -2.950  0.84401587D+04  0.12187589D-02  0  22.940   56.455
  1 25     0.009     2.730  0.13888889D+05  0.20055556D-02  0  78.372  138.761
  1 22     0.009     1.254  0.13888889D+05  0.20055556D-02  0  38.230  -54.250
  1 15    -0.006     0.911  0.13888889D+05  0.20055556D-02  0  53.112 -159.892
  1 13     0.061     0.232  0.89335290D+03  0.12900016D-03  0   7.285  131.924
  1  3    -0.012    -0.213  0.13888889D+05  0.20055556D-02  0  36.640 -109.449
TIM 2016  1  1  0 25  0.0000000  57388   1500.00
  1 31    -0.008     9.062  0.12353668D+05  0.17838697D-02  0  28.135 -150.563
  1 30    -0.012     2.921  0.13888889D+05  0.20055556D-02  0  47.837   70.222
  1 28     0.004    -1.266  0.84604278D+04  0.12216858D-02  0  22.969   56.683
  1 25     0.007     1.193  0.13888889D+05  0.20055556D-02  0  78.258  139.859
  1 22     0.003     6.217  0.13888889D+05  0.20055556D-02  0  38.026  -54.219
  1 15     0.003    -2.172  0.13888889D+05  0.20055556D-02  0  52.853 -159.944
  1 13     0.063    -2.589  0.94139502D+03  0.13593744D-03  0   7.480  131.829
  1  3    -0.000     2.381  0.13888889D+05  0.20055556D-02  0  36.770 -109.200
TIM 2016  1  1  0 24 30.0000000  57388   1470.00
  1 31     0.006     6.423  0.12518733D+05  0.18077050D-02  0  28.340 -150.451
  1 30    -0.007     1.214  0.13888889D+05  0.20055556D-02  0  48.023   70.037
  1 28    -0.003     3.876  0.84798768D+04  0.12244942D-02  0  22.997   56.911
  1 25     0.010     0.152  0.13888889D+05  0.20055556D-02  0  78.140  140.933
  1 22     0.008    -0.731  0.13888889D+05  0.20055556D-02  0  37.822  -54.190
  1 15    -0.006    -0.598  0.13888889D+05  0.20055556D-02  0  52.594 -159.996
  1 13     0.044     9.677  0.99069048D+03  0.14305571D-03  0   7.674  131.733
  1  3    -0.011     1.699  0.13888889D+05  0.20055556D-02  0  36.899 -108.950
TIM 2016  1  1  0 24  0.0000000  57388   1440.00
  1 31     0.025     7.773  0.12684612D+05  0.18316580D-02  0  28.544 -150.339
  1 30    -0.006     0.657  0.13888889D+05  0.20055556D-02  0  48.210   69.851
  1 28    -0.004    -1.132  0.84985020D+04  0.12271837D-02  0  23.024   57.140
  1 25     0.026     0.234  0.13888889D+05  0.20055556D-02  0  78.016  141.985
  1 22     0.004     6.292  0.13888889D+05  0.20055556D-02  0  37.619  -54.162
  1 15    -0.034    -1.705  0.13888889D+05  0.20055556D-02  0  52.335 -160.048
  1 13     0.004    12.995  0.10412382D+04  0.15035479D-03  0   7.869  131.636
  1  3    -0.010     4.581  0.13888889D+05  0.20055556D-02  0  37.026 -108.698
TIM 2016  1  1  0 23 30.0000000  57388   1410.00
  1 31     0.026   -10.670  0.12851296D+05  0.18557271D-02  0  28.748 -150.226
  1 30     0.007     0.503  0.13888889D+05  0.20055556D-02  0  48.396   69.665
  1 28    -0.011     9.035  0.85163002D+04  0.12297537D-02  0  23.050   57.369
  1 25     0.013    -0.863  0.13888889D+05  0.20055556D-02  0  77.888  143.014
  1 22     0.004     0.906  0.13888889D+05  0.20055556D-02  0  37.416  -54.135
  1 15    -0.028    -1.576  0.13888889D+05  0.20055556D-02  0  52.076 -160.099
  1 13    -0.028     0.302  0.10930369D+04  0.15783453D-03  0   8.063  131.539
  1  3    -0.011     2.495  0.13888889D+05  0.20055556D-02  0  37.153 -108.446
TIM 2016  1  1  0 23  0.0000000  57388   1380.00
  1 31     0.023    -5.725  0.13018771D+05  0.18799106D-02  0  28.953 -150.113
  1 30     0.004     0.300  0.13888889D+05  0.20055556D-02  0  48.583   69.478
  1 28    -0.012     3.827  0.85332681D+04  0.12322039D-02  0  23.074   57.598
  1 25     0.010    -1.294  0.13888889D+05  0.20055556D-02  0  77.756  144.020
  1 22     0.009     4.657  0.13888889D+05  0.20055556D-02  0  37.212  -54.110
  1 15    -0.020    -1.187  0.13888889D+05  0.20055556D-02  0  51.817 -160.151
  1 13    -0.006     4.042  0.11460854D+04  0.16549473D-03  0   8.258  131.442
  1  3    -0.017     0.037  0.13888889D+05  0.20055556D-02  0  37.279 -108.192
TIM 2016  1  1  0 22 30.0000000  57388   1350.00
  1 31     0.029    -2.344  0.13187028D+05  0.19042068D-02  0  29.157 -149.999
  1 30     0.005    -0.594  0.13888889D+05  0.20055556D-02  0  48.770   69.291
  1 28     0.000     5.950  0.85494027D+04  0.12345337D-02  0  23.097   57.828
  1 25     0.009     0.243  0.13888889D+05  0.20055556D-02  0  77.619  145.003
  1 22     0.001     0.543  0.13888889D+05  0.20055556D-02  0  37.009  -54.086
  1 15    -0.022    -2.182  0.13888889D+05  0.20055556D-02  0  51.559 -160.202
  1 13    -0.083     4.094  0.12003824D+04  0.17333521D-03  0   8.453  131.344
  1  3    -0.012     1.374  0.13888889D+05  0.20055556D-02  0  37.404 -107.936
TIM 2016  1  1  0 22  0.0000000  57388   1320.00
  1 31     0.011     2.292  0.13356053D+05  0.19286141D-02  0  29.361 -149.884
  1 30     0.006     0.683  0.13888889D+05  0.20055556D-02  0  48.957   69.104
  1 28     0.001     9.722  0.85647012D+04  0.12367429D-02  0  23.119   58.058
  1 25     0.000     1.635  0.13888889D+05  0.20055556D-02  0  77.478  145.963
  1 22    -0.005    -0.220  0.13888889D+05  0.20055556D-02  0  36.806  -54.063
  1 15    -0.010    -2.287  0.13888889D+05  0.20055556D-02  0  51.300 -160.254
  1 13    -0.052     0.336  0.12559264D+04  0.18135577D-03  0   8.648  131.246
  1  3     0.003    -1.792  0.13888889D+05  0.20055556D-02  0  37.528 -107.680
TIM 2016  1  1  0 21 30.0000000  57388   1290.00
  1 31    -0.001     1.520  0.13525836D+05  0.19531307D-02  0  29.566 -149.769
  1 30     0.007     2.742  0.13888889D+05  0.20055556D-02  0  49.144   68.916
  1 28     0.005    -4.598  0.85791610D+04  0.12388309D-02  0  23.139   58.288
  1 25    -0.013    -0.724  0.13888889D+05  0.20055556D-02  0  77.333  146.900
  1 22    -0.004     1.276  0.13888889D+05  0.20055556D-02  0  36.602  -54.041
  1 15     0.012    -0.635  0.13888889D+05  0.20055556D-02  0  51.042 -160.305
  1 13    -0.056    -2.731  0.13127159D+04  0.18955618D-03  0   8.842  131.148
  1  3     0.002    -3.393  0.13888889D+05  0.20055556D-02  0  37.651 -107.422
TIM 2016  1  1  0 21  0.0000000  57388   1260.00
  1 31    -0.007    -1.313  0.13696364D+05  0.19777549D-02  0  29.770 -149.653
  1 30    -0.010     1.717  0.13888889D+05  0.20055556D-02  0  49.331   68.728
  1 28     0.016    -3.967  0.85927796D+04  0.12407974D-02  0  23.159   58.519
  1 25     0.001    -0.911  0.13888889D+05  0.20055556D-02  0  77.184  147.814
  1 22    -0.006     5.146  0.13888889D+05  0.20055556D-02  0  36.399  -54.021
  1 15     0.007     0.161  0.13888889D+05  0.20055556D-02  0  50.784 -160.356
  1 13    -0.025    24.302  0.13707495D+04  0.19793622D-03  0   9.037  131.049
  1  3     0.007    -2.120  0.13888889D+05  0.20055556D-02  0  37.772 -107.163
TIM 2016  1  1  0 20 30.0000000  57388   1230.00
  1 31    -0.006    -8.803  0.13867624D+05  0.20024849D-02  0  29.975 -149.536
  1 30    -0.006    -0.059  0.13888889D+05  0.20055556D-02  0  49.518   68.539
  1 28     0.015    -4.247  0.86055546D+04  0.12426421D-02  0  23.177   58.750
  1 25    -0.001     0.886  0.13888889D+05  0.20055556D-02  0  77.031  148.706
  1 22    -0.009     0.499  0.13888889D+05  0.20055556D-02  0  36.196  -54.002
  1 15     0.005     1.112  0.13888889D+05  0.20055556D-02  0  50.526 -160.408
  1 13    -0.032    12.753  0.14300254D+04  0.20649567D-03  0   9.232  130.949
  1  3     0.011    -6.168  0.13888889D+05  0.20055556D-02  0  37.893 -106.903
TIM 2016  1  1  0 20  0.0000000  57388   1200.00
  1 31    -0.026    -4.512  0.13888889D+05  0.20055556D-02  0  30.179 -149.419
  1 30     0.000     3.015  0.13888889D+05  0.20055556D-02  0  49.706   68.350
  1 28    -0.001     6.952  0.86174840D+04  0.12443647D-02  0  23.194   58.981
  1 25    -0.014    -0.665  0.13888889D+05  0.20055556D-02  0  76.875  149.575
  1 22    -0.002     5.881  0.13888889D+05  0.20055556D-02  0  35.993  -53.984
  1 15     0.025    -2.914  0.13888889D+05  0.20055556D-02  0  50.268 -160.459
  1 13     0.045    16.124  0.14905420D+04  0.21523426D-03  0   9.427  130.850
  1  3     0.012    -0.499  0.13888889D+05  0.20055556D-02  0  38.013 -106.642
TIM 2016  1  1  0 19 30.0000000  57388   1170.00
  1 31    -0.004     0.578  0.13888889D+05  0.20055556D-02  0  30.384 -149.301
  1 30    -0.008     0.082  0.13888889D+05  0.20055556D-02  0  49.894   68.160
  1 28     0.003    -2.125  0.86285658D+04  0.12459649D-02  0  23.210   59.213
  1 25     0.016     1.857  0.13888889D+05  0.20055556D-02  0  76.715  150.422
  1 22    -0.007     1.004  0.13888889D+05  0.20055556D-02  0  35.790  -53.967
  1 15    -0.018    -2.738  0.13888889D+05  0.20055556D-02  0  50.010 -160.510
  1 13     0.039   -18.510  0.15522974D+04  0.22415175D-03  0   9.623  130.749
  1  3     0.016    -0.600  0.13888889D+05  0.20055556D-02  0  38.131 -106.379
TIM 2016  1  1  0 19  0.0000000  57388   1140.00
  1 31    -0.002    -1.748  0.13888889D+05  0.20055556D-02  0  30.588 -149.182
  1 30    -0.009     2.301  0.13888889D+05  0.20055556D-02  0  50.081   67.970
  1 28     0.010    -4.409  0.86387982D+04  0.12474425D-02  0  23.224   59.445
  1 25     0.000     1.027  0.13888889D+05  0.20055556D-02  0  76.552  151.248
  1 22     0.003    -4.209  0.13888889D+05  0.20055556D-02  0  35.588  -53.951
  1 15     0.011    -3.823  0.13888889D+05  0.20055556D-02  0  49.753 -160.561
  1 13    -0.020    12.049  0.16152899D+04  0.23324787D-03  0   9.818  130.649
  1  3    -0.008    -1.613  0.13888889D+05  0.20055556D-02  0  38.248 -106.115
TIM 2016  1  1  0 18 30.0000000  57388   1110.00
  1 31    -0.025    -5.657  0.13888889D+05  0.20055556D-02  0  30.793 -149.062
  1 30    -0.010     1.252  0.13888889D+05  0.20055556D-02  0  50.269   67.779
  1 28    -0.009     8.891  0.86481797D+04  0.12487971D-02  0  23.238   59.677
  1 25     0.009     1.206  0.13888889D+05  0.20055556D-02  0  76.385  152.052
  1 22     0.002     4.372  0.13888889D+05  0.20055556D-02  0  35.385  -53.937
  1 15     0.002    -0.530  0.13888889D+05  0.20055556D-02  0  49.495 -160.612
  1 13     0.112    -2.461  0.16795175D+04  0.24252233D-03  0  10.013  130.548
  1  3     0.013     0.464  0.13888889D+05  0.20055556D-02  0  38.365 -105.850
TIM 2016  1  1  0 18  0.0000000  57388   1080.00
  1 31    -0.013     1.146  0.13888889D+05  0.20055556D-02  0  30.997 -148.942
  1 30    -0.024    -0.956  0.13888889D+05  0.20055556D-02  0  50.457   67.588
  1 28     0.026   -11.411  0.86567087D+04  0.12500287D-02  0  23.250   59.909
  1 25     0.014     0.022  0.13888889D+05  0.20055556D-02  0  76.216  152.835
  1 22    -0.008    -5.572  0.13888889D+05  0.20055556D-02  0  35.182  -53.924
  1 15     0.003    -2.670  0.13888889D+05  0.20055556D-02  0  49.238 -160.662
  1 13    -0.006     5.890  0.17449782D+04  0.25197486D-03  0  10.208  130.446
  1  3     0.014     2.589  0.13888889D+05  0.20055556D-02  0  38.480 -105.584
TIM 2016  1  1  0 17 30.0000000  57388   1050.00
  1 31    -0.017    -3.758  0.13888889D+05  0.20055556D-02  0  31.202 -148.821
  1 30    -0.018    -3.095  0.13888889D+05  0.20055556D-02  0  50.646   67.397
  1 28     0.008    -1.919  0.86643842D+04  0.12511371D-02  0  23.261   60.142
  1 25     0.013     1.084  0.13888889D+05  0.20055556D-02  0  76.043  153.597
  1 22    -0.000     9.495  0.13888889D+05  0.20055556D-02  0  34.980  -53.912
  1 15     0.002    -2.214  0.13888889D+05  0.20055556D-02  0  48.981 -160.713
  1 13     0.047    -2.985  0.18116699D+04  0.26160514D-03  0  10.404  130.344
  1  3     0.008    -6.524  0.13888889D+05  0.20055556D-02  0  38.594 -105.316
TIM 2016  1  1  0 17  0.0000000  57388   1020.00
  1 31     0.005   -11.267  0.13888889D+05  0.20055556D-02  0  31.406 -148.699
  1 30    -0.013     2.743  0.13888889D+05  0.20055556D-02  0  50.834   67.205
  1 28     0.007     0.153  0.86712049D+04  0.12521220D-02  0  23.270   60.375
  1 25     0.010     2.547  0.13888889D+05  0.20055556D-02  0  75.867  154.339
  1 22     0.009     2.151  0.13888889D+05  0.20055556D-02  0  34.777  -53.901
  1 15     0.002    -1.482  0.13888889D+05  0.20055556D-02  0  48.724 -160.764
  1 13    -0.005    -1.348  0.18795905D+04  0.27141287D-03  0  10.599  130.242
  1  3    -0.016     0.306  0.13888889D+05  0.20055556D-02  0  38.707 -105.048
TIM 2016  1  1  0 16 30.0000000  57388    990.00
  1 31     0.002     0.627  0.13888889D+05  0.20055556D-02  0  31.611 -148.577
  1 30    -0.001     1.088  0.13888889D+05  0.20055556D-02  0  51.023   67.012
  1 28     0.017     2.433  0.86771701D+04  0.12529834D-02  0  23.279   60.608
  1 25    -0.016    -0.432  0.13888889D+05  0.20055556D-02  0  75.689  155.061
  1 22     0.001     0.022  0.13888889D+05  0.20055556D-02  0  34.575  -53.891
  1 15     0.027    -2.619  0.13888889D+05  0.20055556D-02  0  48.467 -160.814
  1 13    -0.081    27.332  0.19487377D+04  0.28139773D-03  0  10.795  130.139
  1  3    -0.012     1.139  0.13888889D+05  0.20055556D-02  0  38.818 -104.778
TIM 2016  1  1  0 16  0.0000000  57388    960.00
  1 31    -0.007     0.546  0.13888889D+05  0.20055556D-02  0  31.815 -148.453
  1 30     0.005     1.498  0.13888889D+05  0.20055556D-02  0  51.211   66.819
  1 28    -0.014    -1.883  0.86822790D+04  0.12537211D-02  0  23.286   60.841
  1 25     0.001     0.848  0.13888889D+05  0.20055556D-02  0  75.508  155.764
  1 22     0.002     9.644  0.13888889D+05  0.20055556D-02  0  34.373  -53.882
  1 15    -0.004    -2.310  0.13888889D+05  0.20055556D-02  0  48.210 -160.864
  1 13     0.047    12.736  0.20191093D+04  0.29155938D-03  0  10.990  130.036
  1  3     0.005    -1.397  0.13888889D+05  0.20055556D-02  0  38.929 -104.507
TIM 2016  1  1  0 15 30.0000000  57388    930.00
  1 31    -0.011    -3.478  0.13888889D+05  0.20055556D-02  0  32.019 -148.329
  1 30     0.008    -0.071  0.13888889D+05  0.20055556D-02  0  51.400   66.626
  1 28    -0.008   -11.972  0.86865312D+04  0.12543351D-02  0  23.292   61.075
  1 25    -0.008     3.221  0.13888889D+05  0.20055556D-02  0  75.324  156.448
  1 22    -0.003     5.825  0.13888889D+05  0.20055556D-02  0  34.171  -53.875
  1 15     0.006    -5.770  0.13888889D+05  0.20055556D-02  0  47.954 -160.915
  1 13     0.023    -8.167  0.20907028D+04  0.30189748D-03  0  11.186  129.932
  1  3     0.010    -0.180  0.13888889D+05  0.20055556D-02  0  39.038 -104.235
TIM 2016  1  1  0 15  0.0000000  57388    900.00
  1 31    -0.009    -2.201  0.13888889D+05  0.20055556D-02  0  32.224 -148.204
  1 30     0.008     0.252  0.13888889D+05  0.20055556D-02  0  51.589   66.431
  1 28    -0.011     2.013  0.86899262D+04  0.12548253D-02  0  23.297   61.309
  1 25    -0.005     0.474  0.13888889D+05  0.20055556D-02  0  75.138  157.114
  1 22    -0.003     5.194  0.13888889D+05  0.20055556D-02  0  33.969  -53.868
  1 15     0.000    -2.217  0.13888889D+05  0.20055556D-02  0  47.697 -160.965
  1 13     0.033    -0.722  0.21635158D+04  0.31241168D-03  0  11.381  129.828
  1  3     0.011     2.439  0.13888889D+05  0.20055556D-02  0  39.146 -103.961
TIM 2016  1  1  0 14 30.0000000  57388    870.00
  1 31    -0.019     1.389  0.13888889D+05  0.20055556D-02  0  32.428 -148.078
  1 30     0.004     0.014  0.13888889D+05  0.20055556D-02  0  51.778   66.237
  1 28    -0.007     6.948  0.86924639D+04  0.12551918D-02  0  23.301   61.543
  1 25    -0.009     3.164  0.13888889D+05  0.20055556D-02  0  74.949  157.761
  1 22    -0.002    -2.067  0.13888889D+05  0.20055556D-02  0  33.767  -53.863
  1 15     0.014    -0.113  0.13888889D+05  0.20055556D-02  0  47.441 -161.015
  1 13     0.030     3.397  0.22375458D+04  0.32310161D-03  0  11.577  129.724
  1  3     0.011    -2.559  0.13888889D+05  0.20055556D-02  0  39.253 -103.687
TIM 2016  1  1  0 14  0.0000000  57388    840.00
  1 31    -0.008    -1.227  0.13888889D+05  0.20055556D-02  0  32.632 -147.952
  1 30    -0.003     3.694  0.13888889D+05  0.20055556D-02  0  51.967   66.042
  1 28     0.003    -5.226  0.86941443D+04  0.12554344D-02  0  23.303   61.777
  1 25    -0.002     1.572  0.13888889D+05  0.20055556D-02  0  74.758  158.391
  1 22    -0.002     0.552  0.13888889D+05  0.20055556D-02  0  33.565  -53.859
  1 15     0.007    -4.167  0.13888889D+05  0.20055556D-02  0  47.185 -161.065
  1 13     0.002    -4.224  0.23127901D+04  0.33396689D-03  0  11.773  129.619
  1  3     0.005     4.182  0.13888889D+05  0.20055556D-02  0  39.359 -103.411
TIM 2016  1  1  0 13 30.0000000  57388    810.00
  1 31    -0.017     0.761  0.13888889D+05  0.20055556D-02  0  32.837 -147.824
  1 30     0.000    -1.304  0.13888889D+05  0.20055556D-02  0  52.157   65.846
  1 28     0.003    -3.094  0.86949677D+04  0.12555533D-02  0  23.304   62.011
  1 25    -0.011     1.757  0.13888889D+05  0.20055556D-02  0  74.565  159.003
  1 22    -0.003     1.171  0.13888889D+05  0.20055556D-02  0  33.363  -53.856
  1 15     0.021     0.098  0.13888889D+05  0.20055556D-02  0  46.929 -161.114
  1 13    -0.001    -8.493  0.23892462D+04  0.34500715D-03  0  11.969  129.514
  1  3     0.008     2.345  0.13888889D+05  0.20055556D-02  0  39.464 -103.134
TIM 2016  1  1  0 13  0.0000000  57388    780.00
  1 31    -0.003    -0.186  0.13888889D+05  0.20055556D-02  0  33.041 -147.696
  1 30     0.011     0.613  0.13888889D+05  0.20055556D-02  0  52.346   65.650
  1 28    -0.004    -0.833  0.86949343D+04  0.12555485D-02  0  23.304   62.245
  1 25    -0.006    -0.116  0.13888889D+05  0.20055556D-02  0  74.369  159.599
  1 22    -0.016    -4.729  0.13888889D+05  0.20055556D-02  0  33.162  -53.853
  1 15    -0.012     0.860  0.13888889D+05  0.20055556D-02  0  46.674 -161.164
  1 13     0.012    -2.982  0.24669112D+04  0.35622198D-03  0  12.165  129.408
  1  3     0.026     3.652  0.13888889D+05  0.20055556D-02  0  39.567 -102.856
TIM 2016  1  1  0 12 30.0000000  57388    750.00
  1 31     0.038    -0.752  0.13888889D+05  0.20055556D-02  0  33.245 -147.567
  1 30    -0.002     1.041  0.13888889D+05  0.20055556D-02  0  52.536   65.453
  1 28     0.035    -5.789  0.86940447D+04  0.12554201D-02  0  23.303   62.480
  1 25    -0.004     0.190  0.13888889D+05  0.20055556D-02  0  74.172  160.178
  1 22    -0.008     0.840  0.13888889D+05  0.20055556D-02  0  32.960  -53.852
  1 15    -0.005    -2.980  0.13888889D+05  0.20055556D-02  0  46.418 -161.213
  1 13    -0.131   -16.332  0.25457824D+04  0.36761098D-03  0  12.361  129.302
  1  3    -0.017    -1.809  0.13888889D+05  0.20055556D-02  0  39.669 -102.576
TIM 2016  1  1  0 12  0.0000000  57388    720.00
  1 31    -0.015    -7.421  0.13888889D+05  0.20055556D-02  0  33.449 -147.437
  1 30     0.006     0.489  0.13888889D+05  0.20055556D-02  0  52.726   65.256
  1 28    -0.022     8.383  0.86922996D+04  0.12551681D-02  0  23.300   62.715
  1 25    -0.008     1.032  0.13888889D+05  0.20055556D-02  0  73.972  160.742
  1 22     0.017    -2.810  0.13888889D+05  0.20055556D-02  0  32.759  -53.852
  1 15     0.023    -0.025  0.13888889D+05  0.20055556D-02  0  46.163 -161.263
  1 13     0.040    14.732  0.26258568D+04  0.37917372D-03  0  12.557  129.195
  1  3    -0.017     2.060  0.13888889D+05  0.20055556D-02  0  39.769 -102.296
TIM 2016  1  1  0 11 30.0000000  57388    690.00
  1 31    -0.004    -0.468  0.13888889D+05  0.20055556D-02  0  33.653 -147.306
  1 30     0.009    -2.084  0.13888889D+05  0.20055556D-02  0  52.916   65.058
  1 28    -0.004   -11.867  0.86897000D+04  0.12547927D-02  0  23.297   62.949
  1 25    -0.008    -0.314  0.13888889D+05  0.20055556D-02  0  73.771  161.290
  1 22    -0.007    -3.467  0.13888889D+05  0.20055556D-02  0  32.558  -53.853
  1 15    -0.001    -1.661  0.13888889D+05  0.20055556D-02  0  45.907 -161.312
  1 13     0.005   -12.388  0.27071315D+04  0.39090978D-03  0  12.753  129.088
  1  3     0.012     2.263  0.13888889D+05  0.20055556D-02  0  39.869 -102.015
TIM 2016  1  1  0 11  0.0000000  57388    660.00
  1 31     0.001     1.515  0.13888889D+05  0.20055556D-02  0  33.857 -147.174
  1 30    -0.003     3.521  0.13888889D+05  0.20055556D-02  0  53.106   64.859
  1 28     0.006     2.530  0.86862468D+04  0.12542940D-02  0  23.292   63.184
  1 25    -0.001     0.321  0.13888889D+05  0.20055556D-02  0  73.568  161.824
  1 22     0.001     0.865  0.13888889D+05  0.20055556D-02  0  32.357  -53.855
  1 15     0.006     1.928  0.13888889D+05  0.20055556D-02  0  45.652 -161.361
  1 13    -0.016   -14.128  0.27896033D+04  0.40281872D-03  0  12.949  128.981
  1  3    -0.005     2.838  0.13888889D+05  0.20055556D-02  0  39.967 -101.732
TIM 2016  1  1  0 10 30.0000000  57388    630.00
  1 31    -0.017    -2.465  0.13888889D+05  0.20055556D-02  0  34.061 -147.041
  1 30    -0.011     1.374  0.13888889D+05  0.20055556D-02  0  53.296   64.660
  1 28     0.005     5.127  0.86819415D+04  0.12536723D-02  0  23.286   63.419
  1 25     0.003     0.560  0.13888889D+05  0.20055556D-02  0  73.362  162.342
  1 22     0.007     9.112  0.13888889D+05  0.20055556D-02  0  32.156  -53.858
  1 15     0.020     2.538  0.13888889D+05  0.20055556D-02  0  45.398 -161.410
  1 13     0.003    -4.882  0.28732693D+04  0.41490009D-03  0  13.145  128.873
  1  3    -0.005     5.908  0.13888889D+05  0.20055556D-02  0  40.064 -101.448
TIM 2016  1  1  0 10  0.0000000  57388    600.00
  1 31    -0.005    -2.815  0.13888889D+05  0.20055556D-02  0  34.264 -146.907
  1 30     0.008     1.235  0.13888889D+05  0.20055556D-02  0  53.486   64.461
  1 28    -0.005    -1.519  0.86767853D+04  0.12529278D-02  0  23.278   63.654
  1 25    -0.008     2.195  0.13888889D+05  0.20055556D-02  0  73.156  162.847
  1 22    -0.008     1.786  0.13888889D+05  0.20055556D-02  0  31.955  -53.862
  1 15    -0.002    -1.891  0.13888889D+05  0.20055556D-02  0  45.143 -161.458
  1 13     0.012     3.128  0.29581262D+04  0.42715342D-03  0  13.341  128.765
  1  3     0.015     4.576  0.13888889D+05  0.20055556D-02  0  40.160 -101.163
TIM 2016  1  1  0  9 30.0000000  57388    570.00
  1 31    -0.006    -3.473  0.13888889D+05  0.20055556D-02  0  34.468 -146.773
  1 30     0.018     1.472  0.13888889D+05  0.20055556D-02  0  53.677   64.260
  1 28    -0.022     6.118  0.86707799D+04  0.12520606D-02  0  23.270   63.890
  1 25    -0.011     1.715  0.13888889D+05  0.20055556D-02  0  72.947  163.337
  1 22    -0.008     1.534  0.13888889D+05  0.20055556D-02  0  31.755  -53.867
  1 15    -0.008     2.809  0.13888889D+05  0.20055556D-02  0  44.888 -161.507
  1 13     0.042    13.215  0.30441707D+04  0.43957825D-03  0  13.538  128.656
  1  3     0.019    -1.006  0.13888889D+05  0.20055556D-02  0  40.254 -100.877
TIM 2016  1  1  0  9  0.0000000  57388    540.00
  1 31     0.007    -5.642  0.13888889D+05  0.20055556D-02  0  34.672 -146.637
  1 30     0.011     2.291  0.13888889D+05  0.20055556D-02  0  53.867   64.059
  1 28    -0.007     0.121  0.86639270D+04  0.12510711D-02  0  23.260   64.125
  1 25    -0.009     1.950  0.13888889D+05  0.20055556D-02  0  72.737  163.815
  1 22     0.001     1.479  0.13888889D+05  0.20055556D-02  0  31.554  -53.873
  1 15     0.001    -2.321  0.13888889D+05  0.20055556D-02  0  44.634 -161.555
  1 13    -0.006    -0.976  0.31313995D+04  0.45217409D-03  0  13.734  128.547
  1  3    -0.005    -2.418  0.13888889D+05  0.20055556D-02  0  40.347 -100.590
TIM 2016  1  1  0  8 30.0000000  57388    510.00
  1 31     0.009     4.987  0.13888889D+05  0.20055556D-02  0  34.875 -146.500
  1 30     0.021     1.660  0.13888889D+05  0.20055556D-02  0  54.058   63.858
  1 28    -0.003    -4.790  0.86562286D+04  0.12499594D-02  0  23.249   64.360
  1 25    -0.024     2.733  0.13888889D+05  0.20055556D-02  0  72.525  164.279
  1 22    -0.006     6.828  0.13888889D+05  0.20055556D-02  0  31.354  -53.879
  1 15     0.009     0.644  0.13888889D+05  0.20055556D-02  0  44.380 -161.604
  1 13    -0.030    -8.992  0.32198092D+04  0.46494045D-03  0  13.930  128.438
  1  3     0.000    -1.105  0.13888889D+05  0.20055556D-02  0  40.438 -100.302
TIM 2016  1  1  0  8  0.0000000  57388    480.00
  1 31     0.031     1.540  0.13888889D+05  0.20055556D-02  0  35.078 -146.363
  1 30     0.014    -1.453  0.13888889D+05  0.20055556D-02  0  54.249   63.655
  1 28     0.013     9.908  0.86476869D+04  0.12487260D-02  0  23.237   64.595
  1 25    -0.017     0.340  0.13888889D+05  0.20055556D-02  0  72.312  164.731
  1 22    -0.004     0.343  0.13888889D+05  0.20055556D-02  0  31.154  -53.887
  1 15     0.002    -0.448  0.13888889D+05  0.20055556D-02  0  44.126 -161.652
  1 13    -0.071    -5.906  0.33093963D+04  0.47787683D-03  0  14.127  128.328
  1  3    -0.017    -1.889  0.13888889D+05  0.20055556D-02  0  40.528 -100.013
TIM 2016  1  1  0  7 30.0000000  57388    450.00
  1 31     0.004     0.161  0.13888889D+05  0.20055556D-02  0  35.282 -146.224
  1 30     0.011    -1.347  0.13888889D+05  0.20055556D-02  0  54.440   63.452
  1 28    -0.004    -2.212  0.86383041D+04  0.12473711D-02  0  23.224   64.831
  1 25    -0.011     2.744  0.13888889D+05  0.20055556D-02  0  72.098  165.171
  1 22    -0.004     7.285  0.13888889D+05  0.20055556D-02  0  30.954  -53.896
  1 15     0.000     0.015  0.13888889D+05  0.20055556D-02  0  43.872 -161.700
  1 13    -0.005     1.243  0.34001572D+04  0.49098270D-03  0  14.323  128.217
  1  3     0.004    -1.975  0.13888889D+05  0.20055556D-02  0  40.617  -99.723
TIM 2016  1  1  0  7  0.0000000  57388    420.00
  1 31     0.008    -0.616  0.13888889D+05  0.20055556D-02  0  35.485 -146.084
  1 30    -0.000     1.040  0.13888889D+05  0.20055556D-02  0  54.631   63.249
  1 28     0.017    -6.844  0.86280827D+04  0.12458951D-02  0  23.209   65.066
  1 25    -0.008    -2.209  0.13888889D+05  0.20055556D-02  0  71.882  165.598
  1 22    -0.001     0.264  0.13888889D+05  0.20055556D-02  0  30.754  -53.906
  1 15     0.014    -0.483  0.13888889D+05  0.20055556D-02  0  43.618 -161.748
  1 13    -0.050     6.858  0.34920883D+04  0.50425755D-03  0  14.520  128.107
  1  3    -0.010     3.485  0.13888889D+05  0.20055556D-02  0  40.705  -99.432
TIM 2016  1  1  0  6 30.0000000  57388    390.00
  1 31     0.006    -0.661  0.13888889D+05  0.20055556D-02  0  35.688 -145.944
  1 30     0.010     1.639  0.13888889D+05  0.20055556D-02  0  54.823   63.045
  1 28    -0.012     2.768  0.86170253D+04  0.12442985D-02  0  23.193   65.302
  1 25    -0.006    -0.748  0.13888889D+05  0.20055556D-02  0  71.664  166.015
  1 22     0.003     4.053  0.13888889D+05  0.20055556D-02  0  30.554  -53.916
  1 15    -0.002    -1.211  0.13888889D+05  0.20055556D-02  0  43.365 -161.795
  1 13     0.007     2.165  0.35851859D+04  0.51770084D-03  0  14.716  127.995
  1  3    -0.006     2.584  0.13888889D+05  0.20055556D-02  0  40.791  -99.139
TIM 2016  1  1  0  6  0.0000000  57388    360.00
  1 31    -0.005     4.262  0.13888889D+05  0.20055556D-02  0  35.890 -145.802
  1 30    -0.002     0.726  0.13888889D+05  0.20055556D-02  0  55.014   62.840
  1 28     0.001     3.100  0.86051347D+04  0.12425815D-02  0  23.176   65.537
  1 25     0.001     0.107  0.13888889D+05  0.20055556D-02  0  71.446  166.420
  1 22    -0.004     4.262  0.13888889D+05  0.20055556D-02  0  30.354  -53.928
  1 15    -0.001    -3.167  0.13888889D+05  0.20055556D-02  0  43.111 -161.843
  1 13     0.005    -8.274  0.36794462D+04  0.53131203D-03  0  14.913  127.884
  1  3     0.008     6.905  0.13888889D+05  0.20055556D-02  0  40.876  -98.846
TIM 2016  1  1  0  5 30.0000000  57388    330.00
  1 31     0.000    -4.106  0.13888889D+05  0.20055556D-02  0  36.093 -145.659
  1 30    -0.010    -2.061  0.13888889D+05  0.20055556D-02  0  55.206   62.634
  1 28     0.002     3.798  0.85924139D+04  0.12407446D-02  0  23.158   65.772
  1 25     0.010     0.536  0.13888889D+05  0.20055556D-02  0  71.226  166.814
  1 22     0.018    -0.420  0.13888889D+05  0.20055556D-02  0  30.155  -53.940
  1 15     0.013     3.480  0.13888889D+05  0.20055556D-02  0  42.858 -161.890
  1 13    -0.013     3.288  0.37748653D+04  0.54509055D-03  0  15.110  127.772
  1  3    -0.030     4.287  0.13888889D+05  0.20055556D-02  0  40.959  -98.552
TIM 2016  1  1  0  5  0.0000000  57388    300.00
  1 31    -0.009     2.611  0.13888889D+05  0.20055556D-02  0  36.296 -145.515
  1 30    -0.003    -0.951  0.13888889D+05  0.20055556D-02  0  55.397   62.427
  1 28    -0.001    -0.833  0.85788661D+04  0.12387883D-02  0  23.139   66.008
  1 25     0.001     0.268  0.13888889D+05  0.20055556D-02  0  71.005  167.198
  1 22     0.005    -5.074  0.13851567D+05  0.20001662D-02  0  29.956  -53.954
  1 15     0.011     1.878  0.13888889D+05  0.20055556D-02  0  42.605 -161.937
  1 13     0.000    12.834  0.38714393D+04  0.55903584D-03  0  15.306  127.659
  1  3    -0.004     3.012  0.13888889D+05  0.20055556D-02  0  41.041  -98.256
TIM 2016  1  1  0  4 30.0000000  57388    270.00
  1 31    -0.009    -3.061  0.13888889D+05  0.20055556D-02  0  36.498 -145.370
  1 30    -0.002     1.427  0.13888889D+05  0.20055556D-02  0  55.589   62.220
  1 28     0.004    16.399  0.85644946D+04  0.12367130D-02  0  23.118   66.243
  1 25    -0.002    -1.330  0.13888889D+05  0.20055556D-02  0  70.783  167.571
  1 22     0.007     9.942  0.13684818D+05  0.19760877D-02  0  29.756  -53.968
  1 15     0.020     0.928  0.13888889D+05  0.20055556D-02  0  42.353 -161.984
  1 13    -0.017    -9.317  0.39691643D+04  0.57314732D-03  0  15.503  127.546
  1  3    -0.011    -3.781  0.13888889D+05  0.20055556D-02  0  41.121  -97.960
TIM 2016  1  1  0  4  0.0000000  57388    240.00
  1 31     0.001    -0.816  0.13888889D+05  0.20055556D-02  0  36.700 -145.224
  1 30     0.007    -0.377  0.13888889D+05  0.20055556D-02  0  55.781   62.012
  1 28    -0.001     2.978  0.85493027D+04  0.12345193D-02  0  23.097   66.479
  1 25    -0.009     0.225  0.13888889D+05  0.20055556D-02  0  70.560  167.935
  1 22    -0.004    13.067  0.13518882D+05  0.19521265D-02  0  29.557  -53.983
  1 15     0.003     1.622  0.13888889D+05  0.20055556D-02  0  42.100 -162.031
  1 13    -0.005    -7.330  0.40680360D+04  0.58742440D-03  0  15.700  127.433
  1  3     0.004    -1.764  0.13888889D+05  0.20055556D-02  0  41.200  -97.663
TIM 2016  1  1  0  3 30.0000000  57388    210.00
  1 31     0.016    -2.144  0.13888889D+05  0.20055556D-02  0  36.902 -145.077
  1 30     0.004     1.476  0.13888889D+05  0.20055556D-02  0  55.973   61.804
  1 28     0.008     3.379  0.85332943D+04  0.12322077D-02  0  23.074   66.714
  1 25    -0.005     2.797  0.13888889D+05  0.20055556D-02  0  70.335  168.289
  1 22    -0.014    10.043  0.13353765D+05  0.19282837D-02  0  29.359  -53.999
  1 15    -0.018    -0.483  0.13888889D+05  0.20055556D-02  0  41.848 -162.077
  1 13    -0.008     5.949  0.41680505D+04  0.60186649D-03  0  15.897  127.319
  1  3     0.013    -0.040  0.13888889D+05  0.20055556D-02  0  41.278  -97.365
TIM 2016  1  1  0  3  0.0000000  57388    180.00
  1 31    -0.009    -1.118  0.13888889D+05  0.20055556D-02  0  37.104 -144.929
  1 30     0.013     0.778  0.13888889D+05  0.20055556D-02  0  56.166   61.594
  1 28    -0.037    -0.003  0.85164730D+04  0.12297787D-02  0  23.050   66.949
  1 25    -0.001     3.842  0.13888889D+05  0.20055556D-02  0  70.110  168.633
  1 22     0.003    -2.795  0.13189476D+05  0.19045603D-02  0  29.160  -54.016
  1 15    -0.014    -0.057  0.13888889D+05  0.20055556D-02  0  41.596 -162.124
  1 13     0.067   -15.251  0.42692034D+04  0.61647298D-03  0  16.094  127.205
  1  3     0.011    -1.604  0.13888889D+05  0.20055556D-02  0  41.354  -97.066
TIM 2016  1  1  0  2 30.0000000  57388    150.00
  1 31    -0.007    -2.852  0.13888889D+05  0.20055556D-02  0  37.305 -144.779
  1 30     0.007     0.953  0.13888889D+05  0.20055556D-02  0  56.358   61.384
  1 28    -0.012   -10.337  0.84988429D+04  0.12272329D-02  0  23.025   67.184
  1 25    -0.005     2.264  0.13888889D+05  0.20055556D-02  0  69.884  168.969
  1 22    -0.008    -6.597  0.13026022D+05  0.18809576D-02  0  28.961  -54.034
  1 15    -0.007    -1.886  0.13888889D+05  0.20055556D-02  0  41.344 -162.170
  1 13     0.028    13.298  0.43714906D+04  0.63124324D-03  0  16.291  127.090
  1  3     0.018    -2.226  0.13888889D+05  0.20055556D-02  0  41.428  -96.766
TIM 2016  1  1  0  2  0.0000000  57388    120.00
  1 31     0.007    -1.945  0.13888889D+05  0.20055556D-02  0  37.507 -144.628
  1 30     0.022     0.652  0.13888889D+05  0.20055556D-02  0  56.551   61.173
  1 28    -0.024    -0.263  0.84804080D+04  0.12245709D-02  0  22.998   67.419
  1 25    -0.018    -0.335  0.13888889D+05  0.20055556D-02  0  69.657  169.296
  1 22     0.002    -0.754  0.12863410D+05  0.18574764D-02  0  28.763  -54.052
  1 15     0.000     2.558  0.13888889D+05  0.20055556D-02  0  41.092 -162.216
  1 13     0.018     0.303  0.44749075D+04  0.64617664D-03  0  16.488  126.975
  1  3    -0.004    -3.599  0.13888889D+05  0.20055556D-02  0  41.502  -96.465
TIM 2016  1  1  0  1 30.0000000  57388     90.00
  1 31     0.001    -5.269  0.13888889D+05  0.20055556D-02  0  37.708 -144.476
  1 30     0.023     1.529  0.13888889D+05  0.20055556D-02  0  56.743   60.961
  1 28    -0.015    -9.963  0.84611728D+04  0.12217933D-02  0  22.971   67.654
  1 25    -0.025     1.194  0.13888889D+05  0.20055556D-02  0  69.428  169.614
  1 22     0.001    -8.538  0.12701648D+05  0.18341180D-02  0  28.565  -54.072
  1 15     0.018    -0.621  0.13888889D+05  0.20055556D-02  0  40.840 -162.262
  1 13    -0.005     6.049  0.45794498D+04  0.66127256D-03  0  16.685  126.860
  1  3    -0.006     0.216  0.13888889D+05  0.20055556D-02  0  41.573  -96.163
TIM 2016  1  1  0  1  0.0000000  57388     60.00
  1 31    -0.015    -8.674  0.13888889D+05  0.20055556D-02  0  37.909 -144.323
  1 30     0.014     0.630  0.13888889D+05  0.20055556D-02  0  56.936   60.748
  1 28    -0.012     3.090  0.84411415D+04  0.12189008D-02  0  22.942   67.889
  1 25    -0.017    -0.829  0.13888889D+05  0.20055556D-02  0  69.199  169.924
  1 22    -0.001    -1.537  0.12540744D+05  0.18108834D-02  0  28.367  -54.092
  1 15     0.021     1.467  0.13888889D+05  0.20055556D-02  0  40.589 -162.307
  1 13     0.003    -3.846  0.46851130D+04  0.67653032D-03  0  16.882  126.744
  1  3     0.004    -1.631  0.13888889D+05  0.20055556D-02  0  41.643  -95.861
TIM 2016  1  1  0  0 30.0000000  57388     30.00
  1 31    -0.006    -2.074  0.13888889D+05  0.20055556D-02  0  38.110 -144.169
  1 30     0.005    -2.391  0.13888889D+05  0.20055556D-02  0  57.129   60.534
  1 28     0.013     1.054  0.84203189D+04  0.12158940D-02  0  22.912   68.124
  1 25    -0.015     3.901  0.13888889D+05  0.20055556D-02  0  68.970  170.226
  1 22    -0.012     6.905  0.12380703D+05  0.17877735D-02  0  28.169  -54.113
  1 15     0.016     0.268  0.13888889D+05  0.20055556D-02  0  40.338 -162.353
  1 13    -0.025    -0.056  0.47918925D+04  0.69194928D-03  0  17.079  126.628
  1  3     0.011     5.077  0.13888889D+05  0.20055556D-02  0  41.712  -95.557
TIM 2016  1  1  0  0  0.0000000  57388      0.00
  1 31    -0.009    -4.592  0.13888889D+05  0.20055556D-02  1  38.311 -144.013
  1 30     0.012    -0.964  0.13888889D+05  0.20055556D-02  1  57.322   60.320
  1 28    -0.003    -0.912  0.83987097D+04  0.12127737D-02  1  22.881   68.359
  1 25    -0.020     2.169  0.13888889D+05  0.20055556D-02  1  68.739  170.520
  1 22    -0.025    -1.798  0.12221533D+05  0.17647893D-02  1  27.971  -54.135
  1 15    -0.001     4.269  0.13888889D+05  0.20055556D-02  1  40.087 -162.398
  1 13     0.015     8.041  0.48997837D+04  0.70752876D-03  1  17.276  126.511
  1  3     0.037     5.960  0.13888889D+05  0.20055556D-02  1  41.779  -95.253
